param DistanceMatrix:
1 2 3 4 5 6 7 8 9 10 11 12 13 14 15 16 17 18 19 20 21 22 23 24 25 26 27 28 29 30 31 32 33 34 35 36 37 38 39 40 41 42 43 44 45 46 47 48 49 50 51 52 53 54 55 56 57 58 59 60 61 62 63 64 65 66 67 68 69 70 71 72 73 74 75 76 77 78 79 80 81 82 83 84 85 86 87 88 89 90 91 92 93 94 95 96 97 98 99 100 101 102 103 104 105 106 107 108 109 110 111 112 113 114 115 116 117 118 119 120 121 122 123 124 125 126 127 128 129 130 131 132 133 134 135 136 137 138 139 140 141 142 143 144 145 146 147 148 149 150 151 152 153 154 155 156 157 158 159 160 161 162 163 164 165 166 167 168 169 170 171 172 173 174 175 176 177 178 :=
1 0.000000 3.497535 3.026608 2.842505 3.566854 2.525290 2.553232 2.407784 2.964349 2.548898 2.772406 3.409868 3.371329 3.885125 3.447945 3.071188 2.720223 3.051495 3.559909 2.499925 1.287893 3.640689 2.430159 3.490053 3.289695 4.908840 3.355935 3.943721 2.940050 2.602766 3.610074 3.026925 3.005121 3.418954 3.018869 2.815687 3.373442 3.793622 3.872716 2.680920 1.879877 4.299769 2.704624 3.883177 2.753547 3.380186 2.722135 2.578817 2.615409 2.620939 3.979096 2.926649 2.697219 2.714996 2.098136 2.418172 1.564057 3.106808 2.794038 7.992326 6.864270 6.448988 5.288722 5.008835 6.026541 4.359730 5.086657 5.764738 5.673332 5.266720 6.029466 5.162658 5.570212 5.125053 4.638793 6.315795 5.697598 5.827856 4.597540 4.981063 5.901792 4.332998 6.421520 6.653598 4.921571 4.552839 6.175530 6.555646 6.126874 6.475584 6.364008 6.316425 6.619714 5.103038 5.304041 4.691395 5.841421 5.247605 4.704821 5.521231 5.319403 5.796018 4.909710 6.238677 5.060484 6.440828 5.544587 6.114463 5.354458 4.795165 6.099717 5.589552 6.372433 6.201217 5.916317 7.150053 5.881161 5.059217 6.968930 5.827614 4.920854 6.798949 6.256329 6.199264 6.010887 5.549857 5.354630 7.060519 5.782441 6.577774 5.910259 6.435687 7.055493 6.548424 6.849643 6.987926 7.964893 8.022245 6.910590 6.393501 6.548632 6.200980 6.876389 6.423600 6.228895 6.422740 8.305978 7.391762 6.572759 6.714773 6.529310 6.778927 6.326107 6.780907 6.732642 7.506492 6.742942 7.514895 6.669569 6.554185 7.172335 5.947140 6.495119 6.214673 6.792466 7.247603 6.320700 6.909157 6.048926 6.621593 7.034650 7.609047 6.360783 7.226417 6.296513 6.490941 6.078781 7.184421
2 3.497535 0.000000 4.142912 4.360615 4.627470 3.391756 2.665379 3.324407 2.692454 2.501210 3.704748 2.681881 2.597670 4.161942 4.317968 3.549154 4.425029 4.099658 4.296552 2.914203 3.264410 3.801088 2.253203 2.589816 3.419217 6.374287 2.610749 2.267652 3.943021 2.245420 4.769006 3.523699 2.977396 4.647198 3.284319 3.203322 3.206372 2.922521 1.857356 3.955547 3.237652 3.183152 2.863394 3.353588 2.524855 3.717532 3.289981 2.679502 3.592958 3.512337 3.425623 3.421334 3.270408 3.588922 2.450655 4.047656 3.082417 3.089198 3.516437 5.263862 5.213356 4.816575 3.561285 4.027028 5.044048 3.883898 3.699580 3.916821 4.494762 5.621844 5.017260 5.512963 4.772824 6.820477 3.969090 4.341018 3.816893 4.544520 4.763553 5.037555 4.361877 3.072619 5.472683 6.039161 4.418454 3.409154 5.274763 6.010800 4.947302 5.246812 4.974421 5.457605 5.548908 4.004515 3.916464 6.348474 5.963137 3.408513 3.697022 5.074454 3.428269 4.079464 4.227577 4.508420 3.669182 5.751641 4.049593 5.286897 4.339311 4.701057 6.148802 4.277494 5.792298 5.082007 4.909237 6.222934 4.449249 4.640817 4.980250 4.459875 4.205906 7.955465 6.477658 5.713167 5.858436 4.296454 4.679090 7.071598 5.328651 5.424035 5.076441 5.442980 6.273915 5.621150 5.467187 5.797138 6.822338 7.609434 5.786362 5.937498 5.808985 5.000204 6.352790 5.552512 5.368942 5.637300 7.121341 6.517421 5.992510 6.421749 6.845495 6.623924 6.729482 6.466063 5.969555 7.076844 6.287176 7.324858 7.777605 6.898844 6.190766 5.430577 6.074320 5.247113 6.183113 6.586075 6.555878 5.864864 6.346339 6.921394 5.678651 6.434187 5.971547 6.712249 6.108393 6.396900 6.094927 7.367719
3 3.026608 4.142912 0.000000 3.246486 2.981107 2.867788 2.840197 3.471078 3.561492 2.938668 2.524301 3.368382 2.663370 3.642778 3.310958 3.016180 2.660038 2.800730 3.513128 3.120081 3.404682 2.715760 2.971081 3.038069 2.912962 4.175510 2.745258 3.700304 2.696580 2.988994 2.041702 2.532094 2.808802 4.050547 2.758691 2.357637 3.256224 2.985030 3.863673 3.921663 2.643527 3.681215 2.925104 3.539501 2.930852 3.699232 2.882279 2.963814 1.932297 2.772953 3.374583 2.047642 3.249778 2.721533 3.256676 2.026069 2.998717 2.226287 2.595768 8.325583 6.702377 6.384655 5.605770 4.300654 5.619033 3.122495 4.877251 5.469057 5.943851 6.283787 5.411112 4.330288 5.174151 5.097809 4.002270 6.015990 5.742244 5.651751 5.041128 4.040045 5.534285 3.553841 5.201356 5.559205 3.839881 4.543869 5.200895 5.424635 4.884134 5.334373 5.331684 5.291458 5.673878 4.381650 4.821313 5.272058 5.579077 4.748751 3.865557 4.284491 5.229015 5.574411 4.352979 5.597816 4.630863 5.840451 4.784146 5.169958 4.889463 3.125081 5.085468 4.995838 5.429411 5.056204 5.061839 6.076747 5.307994 4.815997 6.550518 4.996318 3.768570 5.743619 5.140877 5.273076 4.430987 4.802335 4.367437 5.537093 4.703818 5.251204 6.030970 5.990553 6.380560 5.979378 6.114888 6.431050 6.890936 6.926653 6.436425 5.710113 5.955595 5.870220 6.356095 5.848452 5.859302 5.902604 7.736456 6.475078 5.792571 6.265336 6.202975 6.291766 5.634133 6.077936 6.320767 6.529754 6.024002 6.373575 5.769626 5.420678 6.162953 5.713132 5.952308 5.877958 6.274191 6.581247 5.657815 6.188039 5.269699 5.918033 6.489050 7.067099 5.879301 6.545884 5.464904 6.253677 5.851793 6.353885
4 2.842505 4.360615 3.246486 0.000000 4.495957 1.905071 3.161292 3.351492 3.469290 2.723190 2.695137 4.013543 3.485693 4.077670 2.896999 3.243510 2.906122 3.249031 2.444675 3.552595 3.275931 4.632053 3.684218 4.369849 4.354272 5.789878 3.397095 4.376496 3.817294 3.538807 3.399972 2.574179 4.268896 4.224951 3.970084 3.544994 4.301015 4.342812 4.774971 3.809447 3.018846 4.606254 2.453613 4.613550 3.509542 3.615430 2.915244 2.777206 3.028074 2.512169 4.216716 3.458214 1.882835 2.839859 3.117626 2.757301 2.316036 2.919859 1.738663 8.931276 7.844913 7.305688 6.332748 5.435460 7.428221 5.302573 5.694721 6.675310 6.505721 7.247919 7.146403 5.803031 6.445712 5.795367 4.939169 7.602941 6.820629 7.182680 6.386285 5.959130 7.131755 5.339329 7.308117 7.349468 5.946318 6.081635 7.344735 7.599012 6.966986 7.216417 7.485780 7.485935 7.638873 6.338860 6.188875 6.369149 7.192784 6.303499 4.808320 6.572505 6.463549 7.093577 5.843224 7.083566 6.092393 7.653834 6.703009 7.151963 6.525817 5.551295 6.679010 6.401446 7.453927 6.999831 6.653483 8.300663 7.011160 6.566547 7.775233 6.924674 5.529309 7.098686 7.172043 6.695936 6.495545 6.330807 5.857186 7.744157 6.711574 7.125957 6.929259 7.206065 7.668357 7.109789 7.388001 7.570423 8.493913 8.545125 7.573180 6.968816 7.367296 6.855910 7.662996 7.074398 6.849275 7.093862 8.865443 7.611792 6.742830 7.168851 7.064707 7.119945 6.692988 7.054797 7.413030 7.752917 7.023071 7.696024 6.293220 6.308892 7.289731 6.726688 7.377508 7.040175 7.176749 7.879006 6.690963 7.204075 6.484274 6.832323 7.842215 7.991604 6.597224 7.501526 6.647583 6.888855 6.626637 7.275197
5 3.566854 4.627470 2.981107 4.495957 0.000000 3.889157 3.984090 2.975026 4.438478 4.045985 4.242367 4.018027 3.871626 5.128622 5.426441 3.113720 2.615503 2.431386 4.734322 2.980397 3.555201 2.508013 3.445266 3.146482 2.641328 2.136102 3.153308 4.176844 1.918359 3.902469 3.053183 3.878407 2.899542 2.830102 2.183151 2.698253 2.240641 2.873735 4.102627 3.847668 3.151523 3.996625 3.746632 3.115125 3.584499 3.164156 3.840557 4.188197 3.007090 3.998343 5.515912 3.691890 4.075279 2.815434 3.523221 2.994352 3.465795 2.829054 3.836938 8.064913 5.431692 5.326766 4.977632 4.514310 4.106203 2.929543 5.874706 5.354654 4.416861 6.186419 4.801886 3.750093 4.274976 4.115423 4.039197 5.485380 5.817914 4.287133 5.122649 2.918253 5.167262 3.852685 4.480959 4.673440 4.001014 3.880567 4.317919 4.350649 4.090907 4.896975 4.737448 4.458135 5.015326 4.193268 4.230389 5.140519 4.180708 4.864103 4.475449 4.551610 5.272444 5.315532 3.123633 5.153499 4.559896 4.705601 4.677138 4.477138 4.719624 3.404689 5.925532 4.179760 3.716885 4.172211 3.900344 5.691562 5.030390 3.672265 5.882888 4.816840 3.510289 4.533696 3.473259 5.020582 4.992690 4.192596 3.948549 4.151676 3.959549 4.484931 4.922483 4.866698 5.287553 4.875325 5.462257 5.552796 5.702924 5.394908 5.417551 3.849658 4.361766 5.001310 4.509540 4.646122 5.303685 5.080918 6.818514 5.517228 5.010625 5.274843 4.945289 5.486313 4.215146 5.699535 5.648006 5.789350 5.397021 5.155116 5.671670 5.254169 5.208944 4.104618 4.234549 4.750069 5.553575 5.604901 4.628920 5.654062 4.249202 4.493669 5.409523 6.255262 5.220928 5.600390 4.439880 5.492767 4.949588 5.135209
6 2.525290 3.391756 2.867788 1.905071 3.889157 0.000000 2.347295 2.616411 2.435839 2.394774 2.076063 2.806164 2.325198 2.982589 2.335807 2.134583 2.115849 2.181032 1.580982 3.193477 2.945465 4.221045 3.045960 3.663038 3.822920 5.309287 2.587765 3.328191 3.064386 2.882113 2.900415 1.933796 2.884479 3.157205 2.962463 3.104891 3.219701 3.196235 3.529205 3.748573 2.597148 4.006024 2.515605 4.081998 3.081389 3.320859 2.653546 2.573073 2.180981 1.725817 3.657299 2.728199 1.603510 1.605009 2.510532 2.674061 2.049479 1.933366 1.767185 7.833900 6.374815 6.061777 5.187584 4.995448 6.154271 4.199066 5.125843 5.967614 5.216407 6.565016 6.024030 5.447497 5.774293 5.808440 4.746424 6.411222 5.834745 6.144835 5.365855 5.343612 6.243897 4.507530 6.372560 6.414295 5.486258 5.128409 6.228292 6.806205 6.039175 6.474634 6.306900 6.493439 6.483300 5.701540 5.629783 5.777259 6.569429 5.356900 4.380025 5.696051 5.519854 6.114200 5.386575 6.255323 5.404469 6.785839 5.825533 6.197803 5.833246 5.144579 6.595666 5.816007 6.299338 6.086075 6.012511 7.245956 6.333331 5.779855 6.838689 6.160755 5.196231 7.119013 6.737691 6.490297 6.551435 5.776331 5.416581 7.057200 6.082460 6.463604 5.985881 6.364525 6.924533 6.402881 6.275576 6.475112 7.524215 7.770878 6.549621 6.175680 6.463615 6.061561 6.777862 6.210332 6.169733 6.248082 8.071276 6.997061 6.112654 6.549635 6.611015 6.717388 6.328350 6.289122 6.498849 7.032580 6.389203 7.011047 6.249608 5.994365 6.648418 5.675073 6.412578 6.110944 6.441046 7.030801 6.020411 6.449374 5.875301 6.564426 6.953878 7.208607 5.907465 6.813117 5.954627 6.250460 5.817361 6.761643
7 2.553232 2.665379 2.840197 3.161292 3.984090 2.347295 0.000000 2.484116 1.901428 2.018294 2.429271 1.832549 1.593504 3.080098 3.102707 2.820998 3.013005 3.220586 3.264920 2.863256 3.058383 3.385345 1.826684 2.611740 2.722018 5.426907 2.050927 2.586861 2.920470 1.451310 3.337966 2.600393 2.433899 4.024492 2.609881 2.528639 3.079695 2.810972 2.994798 3.703546 2.954072 3.226988 2.332138 3.565532 2.926227 3.097444 2.402368 2.424535 2.231306 2.608592 3.458171 1.853626 3.004628 2.551524 2.463530 3.038490 2.482446 2.428128 2.823484 7.129315 6.136844 5.826485 4.455199 4.820437 5.713467 3.993457 4.521445 4.909465 5.118823 6.392452 5.329245 4.869264 4.798890 6.275566 4.562610 5.777852 4.987630 5.566312 5.346389 4.972010 5.488032 3.480896 5.537441 5.780570 4.645730 4.228379 5.568786 6.058064 5.269723 5.437684 5.398339 5.576776 5.606919 4.711677 5.214847 6.309643 6.233432 4.647391 4.466001 5.299660 4.898671 4.941083 4.642697 5.616153 4.285162 5.909193 4.627202 5.250647 5.062628 4.681961 6.500713 5.056222 5.948973 5.689261 5.326308 6.819478 5.275296 5.131015 5.872995 5.129907 4.782562 7.569659 6.170422 5.760784 5.822574 5.046243 4.972379 6.743024 5.399130 5.664924 5.727738 5.817301 6.372853 6.035176 5.799125 6.090286 6.960757 7.392395 5.845502 5.821193 5.690259 5.014625 6.079504 5.505583 5.773279 5.634028 7.155771 6.416185 5.718395 6.414511 6.545366 6.587750 6.354390 6.127457 6.162426 6.707926 5.873683 6.853571 6.463027 5.996881 6.371342 5.256578 5.956872 5.508503 5.855576 6.289225 5.981136 5.925906 5.537068 6.367139 6.226639 6.668323 5.383362 6.342854 5.636165 6.224682 5.827336 6.534668
8 2.407784 3.324407 3.471078 3.351492 2.975026 2.616411 2.484116 0.000000 3.377188 2.989914 3.094401 2.676403 2.880158 4.716118 4.460577 2.054171 2.216699 2.494391 3.404471 2.470294 2.867233 3.298796 2.316528 2.707169 2.728582 4.191620 2.479434 3.084786 2.384678 2.860763 3.402315 2.736440 2.801654 2.375965 1.837727 2.661702 2.458086 2.732887 3.391843 3.456409 3.187067 3.643567 2.799668 3.596750 3.340626 2.329391 3.196937 3.445271 2.944442 3.041755 5.001803 2.967393 3.223577 1.792100 2.194485 2.936817 2.589222 2.356401 3.106174 7.564832 5.756572 5.680058 4.548766 5.258646 5.213390 4.204494 5.850948 5.333980 4.462452 5.976310 5.201685 4.922626 4.747274 4.871086 4.365317 5.863803 5.726028 4.985241 5.369104 4.676892 5.764791 4.111090 5.553098 5.920752 5.089505 4.291281 5.512744 5.649101 5.227929 5.731982 5.792784 5.676011 6.007564 5.170854 5.071448 5.660724 5.167362 5.334719 5.022210 5.943250 5.123466 5.364125 4.306835 5.898917 4.686820 5.884557 5.215621 5.516476 5.586743 4.916536 7.012948 5.095217 5.229269 5.618548 5.151496 6.938343 5.553587 4.779587 6.250526 5.541487 4.733793 6.578880 5.547000 6.062231 6.412049 5.177206 5.275182 6.307543 5.510772 5.698854 5.128233 5.416567 5.986712 5.494120 6.102557 6.051071 6.661464 6.869113 5.885315 5.075407 5.212580 4.919176 5.426042 5.356164 5.392407 5.486853 7.274282 6.268454 5.704721 5.944878 5.784045 6.180742 5.682679 6.373532 6.159590 6.682577 6.143393 6.302546 6.698889 6.341714 6.261671 4.627097 5.311635 5.152123 5.881963 6.291010 5.467782 5.976578 5.118520 5.512092 5.992421 6.687761 5.541889 6.153403 5.307447 5.761403 5.370791 6.248510
9 2.964349 2.692454 3.561492 3.469290 4.438478 2.435839 1.901428 3.377188 0.000000 2.078562 2.647378 2.084709 2.090094 2.506170 3.053104 3.341166 3.368473 3.309419 3.397279 3.209575 2.854167 4.123333 2.556213 3.463381 3.471014 6.143103 2.901133 2.772690 3.454145 1.761398 3.712055 2.961549 2.461321 4.410115 3.222507 2.917917 3.548361 3.192667 2.713417 3.803109 2.790737 3.359848 2.792668 3.624285 2.805100 3.523221 2.341463 1.972976 2.159228 2.568118 3.163938 2.728548 2.885034 3.188169 2.516673 3.318327 2.245417 3.025447 2.906515 6.465306 5.989344 5.376263 3.858525 4.312292 5.684561 4.016514 3.654261 4.853786 4.920648 6.211462 5.490889 4.819919 4.746153 6.559139 4.734597 5.491675 4.221880 5.703112 5.062245 5.059852 5.187620 3.541639 5.831816 5.840862 5.047046 4.160485 5.559471 6.545390 5.700999 5.754162 5.479701 5.876937 5.603338 4.672938 5.104797 6.260499 6.642926 4.156400 3.939372 5.031695 4.568458 4.819461 4.987103 5.317833 4.419925 6.161740 4.775867 5.354493 4.822094 5.188844 6.304627 4.875406 6.466607 5.761316 5.574651 6.785508 5.399065 5.084278 5.677202 5.251292 5.173458 8.070790 6.620824 5.736186 6.105240 5.073685 4.855729 7.108847 5.407790 5.974579 5.535179 5.795539 6.422597 5.970256 5.730502 6.109976 7.238385 7.685095 5.809049 6.095823 6.160738 5.379849 6.388040 5.537921 6.035784 5.717606 7.097707 6.703414 5.786460 6.390914 6.565026 6.638959 6.374987 6.123971 6.106502 6.838096 5.837551 7.276806 6.530928 6.091686 6.435585 5.380869 6.271688 5.653954 5.860228 6.323025 6.144287 6.062902 5.863832 6.745060 6.407926 6.707190 5.437169 6.554463 5.800050 6.316188 5.970151 6.709953
10 2.548898 2.501210 2.938668 2.723190 4.045985 2.394774 2.018294 2.989914 2.078562 0.000000 2.473556 2.391547 2.030094 3.587774 3.284471 2.795339 3.231844 3.017263 3.055623 2.678810 2.357435 3.525846 1.970009 2.602862 2.807012 5.671949 2.334800 2.739836 3.109492 1.586675 3.256975 2.198792 2.886679 4.247725 2.937842 1.965337 3.284305 2.938967 2.793311 3.724458 2.189864 3.250984 1.810175 3.464253 1.982370 3.321337 2.508667 1.164114 2.179310 1.849403 2.851660 2.267994 2.256827 2.905103 1.858126 2.493848 1.742746 2.387310 1.997640 6.891413 6.314766 5.582228 4.210593 3.594604 5.676764 3.741169 3.494714 4.242207 5.288042 6.060516 5.572363 4.447100 4.530392 5.796916 3.685937 5.474912 4.371716 5.601046 5.230618 4.861081 4.860305 3.106587 5.534476 6.084291 4.331470 3.918371 5.527559 5.983946 5.340135 5.377592 5.621554 5.668603 5.876446 4.377430 4.373371 6.210799 6.210576 4.068470 3.190656 5.158023 4.354284 4.846440 4.348426 5.175411 3.961479 6.072673 4.485485 5.370423 4.591693 4.355287 5.957915 4.572710 6.254593 5.309836 4.968473 6.574953 4.934159 4.796942 5.970608 5.190734 4.236680 6.986610 6.272758 5.668146 5.456761 4.505782 4.300383 6.717182 5.088965 5.782265 5.608530 5.784743 6.276721 5.880140 5.933639 6.250951 7.418810 7.745674 6.207932 5.961986 6.132458 5.320895 6.493948 5.924173 5.713613 6.007902 7.549294 6.590327 5.733587 6.243329 6.332897 6.142243 6.014766 6.223967 6.081114 7.029992 6.028081 7.020745 6.220247 5.747503 6.250777 5.668998 6.291359 5.795985 5.857282 6.631907 5.986473 5.846472 5.660010 6.370180 6.311121 6.532799 5.523149 6.782001 5.844873 6.274939 5.935317 6.762193
11 2.772406 3.704748 2.524301 2.695137 4.242367 2.076063 2.429271 3.094401 2.647378 2.473556 0.000000 2.524136 2.185105 3.338584 2.454527 2.668729 2.657796 2.942090 2.301479 3.390430 3.089526 3.888989 2.734102 3.461024 3.472969 5.516515 3.214491 3.178238 3.228698 2.563751 2.436675 1.513237 2.883413 3.995564 3.054844 2.717030 3.968843 3.273856 3.419439 4.113329 3.112350 3.644092 2.953291 4.215799 3.150248 3.598155 2.417098 2.541545 2.051124 2.022226 3.118694 1.910167 2.897136 2.649485 2.813175 2.337270 2.636311 2.588910 2.414855 7.940209 6.976858 6.670322 5.125888 4.649192 6.230462 4.265817 4.754022 5.587958 6.079499 6.045266 5.958181 4.798810 5.473035 5.212294 4.393310 6.303770 5.534337 6.339688 5.365791 4.996059 5.811993 3.939372 5.967890 6.553443 5.368300 4.907229 5.878369 6.341777 5.998975 6.111827 6.305134 6.400476 6.557839 5.190109 5.421821 5.596083 6.463365 5.046857 4.231708 5.183217 4.980437 5.753568 5.456503 6.140236 4.922696 6.922789 5.527838 6.116924 5.711699 4.912579 6.065152 5.623139 6.644823 6.166605 6.115571 6.746029 5.920347 5.502163 7.073087 5.757953 5.166078 7.350447 6.520589 6.100610 5.970361 5.692237 5.575609 7.037975 5.836779 6.355086 6.352574 6.560504 7.031090 6.441728 6.897399 7.108950 7.796390 8.006031 6.937706 6.565999 6.917320 6.306207 7.092211 6.381207 6.404469 6.442568 8.236796 7.386157 6.601666 6.963308 6.921297 7.137991 6.681993 6.984286 7.038883 7.406975 6.867692 7.427695 6.836590 6.639817 7.176660 6.186933 6.871763 6.512274 6.756809 7.181361 6.403426 6.806754 6.153351 6.811690 7.280269 7.774515 6.495757 7.218451 6.249204 6.773969 6.560641 7.311558
12 3.409868 2.681881 3.368382 4.013543 4.018027 2.806164 1.832549 2.676403 2.084709 2.391547 2.524136 0.000000 1.209356 3.747908 3.890922 2.553385 3.018134 2.971469 3.364590 3.247734 3.498786 3.627968 2.233161 2.387023 2.731535 5.437611 2.357332 1.572999 3.076062 1.857826 3.128287 2.275874 2.086602 3.899152 2.084755 2.422384 2.962340 1.891494 1.964528 4.518930 3.524326 2.932909 3.074974 3.679077 3.095630 3.371177 3.184844 2.823659 2.286117 2.741303 3.635901 2.039066 3.678637 2.722448 2.420296 3.122751 3.010439 2.464698 3.142764 6.204604 5.207820 4.911190 3.216275 4.342997 4.779807 3.421621 4.327334 4.128540 4.344310 5.924422 4.295989 4.400517 3.852075 5.909451 4.096456 4.774631 4.020269 4.931370 5.008218 4.778633 4.691645 2.800913 4.622923 5.341405 4.555690 3.526024 4.551047 5.294579 4.660234 4.789963 4.731857 4.910816 4.893262 4.444226 4.674560 6.223065 5.598811 3.997322 4.114808 5.169451 4.008315 3.997559 4.461468 4.897761 3.713313 5.672105 4.061187 4.557335 4.741762 4.695860 6.632147 4.452190 5.464526 4.956489 4.872081 6.133292 4.662283 4.450460 5.331143 4.778944 4.760129 7.663885 5.990804 5.833826 6.138407 4.693051 4.757499 6.258898 4.886658 5.278138 4.744297 4.904854 5.377170 5.074934 5.182537 5.474992 6.322783 6.970996 5.260690 5.233883 5.205695 4.344136 5.417522 5.058852 5.220884 5.015221 6.564198 6.033343 5.262985 5.834473 5.914567 6.036245 5.762439 5.951866 5.520233 6.420559 5.653238 6.330271 6.577495 5.944240 5.948477 4.603352 5.449237 4.886104 5.159040 5.715877 5.470957 5.308208 4.981087 5.998528 5.529273 6.051851 4.966175 6.083126 5.105622 5.849353 5.439816 6.297950
13 3.371329 2.597670 2.663370 3.485693 3.871626 2.325198 1.593504 2.880158 2.090094 2.030094 2.185105 1.209356 0.000000 3.140971 3.205289 2.306984 2.952504 2.776873 2.851542 3.168307 3.530733 3.382010 2.179790 2.259048 2.689536 5.336186 1.766950 1.866316 2.842608 1.840438 2.730177 1.970512 2.088293 3.936636 2.283577 2.286891 2.837185 1.868976 2.205812 4.399008 3.196775 2.881383 2.602385 3.541757 2.851180 3.377475 2.782360 2.514792 1.997395 2.354036 3.086752 1.585614 3.033245 2.384199 2.635668 2.949494 2.895400 1.774364 2.623056 6.635928 5.461032 5.208108 3.880794 4.034429 5.022288 3.173636 4.089770 4.321671 4.705381 6.381999 4.782666 4.400431 4.345855 6.034976 3.951264 5.059722 4.404657 5.206137 5.245299 4.617083 4.797120 2.806015 4.714311 5.383136 4.381832 3.813057 4.766734 5.373878 4.603966 4.794873 4.785363 5.040013 5.075054 4.347847 4.575503 6.362897 5.974349 3.946029 3.661062 4.763586 4.234699 4.489425 4.435269 4.967913 3.866134 5.734987 4.156292 4.787820 4.754365 4.245602 6.290719 4.561172 5.409535 4.850287 4.799827 5.977926 4.831294 4.770428 5.543455 4.791541 4.379450 7.275631 5.959228 5.672537 5.677575 4.588092 4.539977 6.161825 4.916220 5.177610 5.347747 5.363729 5.846930 5.479416 5.250817 5.631823 6.457547 7.009521 5.529500 5.396823 5.452130 4.792185 5.791361 5.250139 5.474058 5.390410 6.931410 6.095001 5.380628 6.103718 6.305808 6.265813 5.989009 5.911705 5.790681 6.430146 5.713062 6.372613 6.376160 5.707389 5.878191 4.974279 5.669213 5.258005 5.505965 6.014917 5.638875 5.452110 5.250401 6.162568 5.830047 6.251306 5.194065 6.191202 5.303605 6.074201 5.665187 6.357371
14 3.885125 4.161942 3.642778 4.077670 5.128622 2.982589 3.080098 4.716118 2.506170 3.587774 3.338584 3.747908 3.140971 0.000000 2.217869 4.107763 4.109396 3.997199 3.605507 4.564155 4.103869 5.056304 3.950452 4.736278 4.653939 6.500056 3.890542 4.499649 4.036043 3.493556 4.104867 4.050131 3.280707 5.006293 4.476388 4.289339 4.394544 4.397221 4.270330 4.757182 3.602989 4.918215 3.957049 4.942227 4.194896 5.019270 3.287850 3.521638 3.074603 3.383226 3.479407 3.346096 3.342312 3.777498 4.368871 4.383969 3.684472 3.707225 3.832412 8.007860 6.860966 6.660052 5.704075 5.269792 6.529124 4.527779 4.572986 6.412228 6.169745 7.409988 6.836261 5.711579 6.508966 7.503041 6.077896 6.731060 5.790587 7.001952 5.825836 5.759457 6.287860 4.827964 6.707636 6.643712 5.926259 5.499918 6.473126 7.411619 6.586101 6.775230 6.208370 6.766596 6.437639 5.676919 6.327937 6.710693 7.948951 5.187361 4.818416 4.896757 6.002000 6.421739 6.304114 6.597182 5.891186 7.011261 5.957418 6.456364 5.942461 5.613387 6.798093 6.392076 6.922819 6.551262 6.657574 6.991891 6.794217 6.438749 7.077921 6.349044 6.071477 8.287675 7.471106 6.758985 6.650668 6.295349 5.887989 7.666922 6.445937 7.003919 7.244568 7.435982 8.052185 7.646702 6.645624 7.158774 8.237628 8.491736 7.021454 7.262542 7.339438 7.066321 7.663545 6.741593 7.535328 7.177005 8.514920 7.911151 7.068120 7.800905 8.059823 8.093543 7.690225 6.869283 7.351543 7.686859 6.899839 8.187165 6.958108 6.654532 7.530801 6.642510 7.315153 7.121914 7.312788 7.546733 7.203342 7.368756 7.075862 8.050656 7.848634 8.040211 6.720878 7.622663 7.026268 7.584539 7.100075 7.624652
15 3.447945 4.317968 3.310958 2.896999 5.426441 2.335807 3.102707 4.460577 3.053104 3.284471 2.454527 3.890922 3.205289 2.217869 0.000000 3.722935 3.813125 4.020488 2.577551 4.386578 3.917901 5.159896 4.093421 4.874905 5.005196 6.748804 4.073097 4.593783 4.418208 3.656090 3.867642 3.183088 3.989987 5.036760 4.577288 4.349677 4.770647 4.629504 4.640321 4.540379 3.593416 5.108511 3.616529 5.296381 4.150878 4.954845 3.245807 3.283706 3.143118 2.742919 2.909598 3.108683 2.830377 3.501608 4.016460 3.748318 3.366468 3.505848 3.021242 8.681103 7.813609 7.490046 6.451911 5.668849 7.402959 5.134483 5.196960 6.935430 7.001123 7.144642 7.275728 6.321568 7.134155 7.127491 5.898507 7.369277 6.499733 7.570897 5.953613 6.412437 7.052774 5.325210 7.457128 7.570034 6.244395 6.189822 7.303037 7.975682 7.276108 7.544494 7.257910 7.590364 7.542029 6.353244 6.646229 6.382953 7.913064 5.979301 5.118126 5.878255 6.347134 7.078759 6.807953 7.315926 6.410627 8.025214 6.706188 7.348859 6.690912 5.886783 6.744908 7.050687 7.676777 7.273614 7.412700 7.842616 7.332485 7.043068 7.968954 6.995812 6.308464 8.385247 8.025886 7.273745 6.902350 6.970688 6.584667 8.374048 7.217781 7.645169 7.495707 7.801910 8.415796 7.848673 7.503320 7.846557 8.882568 9.148038 7.871522 7.861790 8.035599 7.533005 8.403347 7.498339 7.453849 7.628635 9.257364 8.360031 7.478326 7.950049 8.094577 8.063931 7.845209 7.310987 7.818531 8.193490 7.471800 8.565261 7.086280 6.944282 8.025186 7.267444 7.978197 7.571962 7.737593 8.257788 7.343905 7.652504 7.283137 8.060726 8.355842 8.542466 7.181738 8.083596 7.355570 7.578532 7.272790 8.135962
16 3.071188 3.549154 3.016180 3.243510 3.113720 2.134583 2.820998 2.054171 3.341166 2.795339 2.668729 2.553385 2.306984 4.107763 3.722935 0.000000 1.956806 1.764604 2.276698 2.977246 3.287191 3.581565 2.944975 2.903092 3.118859 4.316878 2.489468 3.245518 2.239968 3.219886 2.588456 2.110072 2.729106 2.450632 2.017846 2.785488 2.248279 2.332809 3.283228 4.146784 3.264923 4.020865 2.920837 4.094523 3.584523 3.295899 3.461985 3.473306 2.568683 2.325272 4.343944 2.414796 2.800545 1.225510 2.732467 2.810490 2.877136 1.478027 2.631124 7.716548 5.613148 5.585772 4.668099 4.702074 4.928541 3.506633 5.545413 5.378316 4.693999 6.365338 5.418625 4.628516 5.056387 5.072520 4.325791 5.724697 5.590518 5.430435 5.513751 4.824917 5.584499 3.996745 5.320917 6.045072 5.123915 4.417667 5.300538 5.538154 5.248903 5.812384 5.721393 5.680284 6.034524 5.255403 4.899891 5.911534 5.528052 5.081329 4.514963 5.544847 5.149435 5.660911 4.834772 5.994583 5.026424 6.359584 5.352007 5.695856 5.814893 4.724975 7.089952 5.376244 5.058225 5.254429 5.275588 6.425520 5.882924 5.156047 6.607474 5.936723 4.878237 6.382464 5.985046 6.529853 6.549819 5.424517 5.342251 6.236159 5.672568 5.955762 5.399317 5.604937 6.147609 5.632628 5.999898 6.080665 6.829190 7.050041 6.140925 5.294479 5.611687 5.417639 5.802124 5.702151 5.633152 6.023835 7.667287 6.462829 5.771267 6.037215 5.927345 6.128429 5.659024 6.261624 6.251658 6.806727 6.200818 6.324474 6.303375 5.883003 6.234411 4.864028 5.595122 5.569880 5.892761 6.538839 5.252859 5.823156 5.118539 5.687831 6.265723 6.652329 5.539671 6.435498 5.438492 5.950070 5.521904 6.301880
17 2.720223 4.425029 2.660038 2.906122 2.615503 2.115849 3.013005 2.216699 3.368473 3.231844 2.657796 3.018134 2.952504 4.109396 3.813125 1.956806 0.000000 1.291794 2.710603 3.108716 3.144073 3.689741 3.328094 3.594429 3.310165 3.694573 2.964005 3.735734 2.279780 3.430905 2.013138 2.275966 2.806928 2.364135 2.094857 2.760528 2.787436 2.911006 3.977461 3.862788 2.992358 4.134043 3.149332 3.994235 3.603535 3.059197 3.291567 3.455508 2.020002 2.508705 4.755477 2.779404 3.105895 1.539184 2.773243 2.138765 2.567993 2.147777 2.515598 8.409959 6.250115 6.007659 5.192382 5.196308 5.517346 3.817474 5.939383 6.057035 4.998255 6.390742 5.427939 4.563053 5.070596 4.500085 4.663702 6.393735 6.107617 5.731279 5.337416 4.680267 6.223510 4.458084 5.706136 5.794641 5.163442 4.899793 5.558429 5.914015 5.556867 6.106541 5.994527 5.851436 6.027126 5.575430 5.557475 5.261352 5.420024 5.646323 4.834400 5.696775 5.791528 5.998190 4.883402 6.269450 5.376610 6.290235 5.695547 5.569516 5.823216 4.755767 6.716587 5.507479 5.466413 5.649519 5.535912 7.004991 6.166292 5.091393 6.843532 6.063419 5.031144 6.017511 5.588168 6.222937 6.344252 5.616045 5.170804 5.929169 5.417947 5.998212 5.353349 5.619256 6.001312 5.630056 6.171179 6.228887 6.865610 6.846893 6.178666 5.252392 5.642331 5.580220 5.719519 5.676665 5.785763 5.693991 7.552759 6.436592 5.561439 5.777844 5.382355 5.920028 5.033813 6.027234 6.133899 6.493957 5.938488 6.056219 5.533135 5.470102 6.248831 4.874591 5.528507 5.542438 5.822037 6.354759 5.010855 6.097004 4.663994 5.319142 6.461885 6.865018 5.359123 6.242408 5.061900 5.690329 5.193043 5.790211
18 3.051495 4.099658 2.800730 3.249031 2.431386 2.181032 3.220586 2.494391 3.309419 3.017263 2.942090 2.971469 2.776873 3.997199 4.020488 1.764604 1.291794 0.000000 2.662610 3.295792 3.141224 3.715163 3.211978 3.296242 3.120812 3.635272 2.668814 3.485856 2.016503 3.375951 2.071252 2.356123 2.395585 2.019276 2.069712 2.503093 2.455833 2.539636 3.491709 4.243131 2.715421 3.976237 3.230884 3.797619 3.252558 3.240733 3.446648 3.324731 2.015465 2.257492 4.636664 2.947123 2.829998 1.475355 2.792728 2.449756 2.614972 1.852527 2.600128 7.875440 5.454115 5.218857 4.616743 4.505925 4.800992 3.151961 5.357476 5.407220 4.334379 6.381603 5.146327 4.249097 4.670511 4.536847 4.304235 5.752607 5.538761 5.245318 5.163242 4.226950 5.484050 3.978850 5.096966 5.345891 4.903130 4.344601 4.919487 5.347653 4.931364 5.500799 5.377488 5.270059 5.438582 5.155749 4.977148 5.408409 5.494832 4.982146 4.116674 5.139658 5.225206 5.566144 4.432768 5.604887 4.862171 5.673968 5.145041 5.069248 5.243672 4.387376 6.563411 4.997945 4.842598 4.850991 4.798960 6.195669 5.659709 4.596956 6.386361 5.685965 4.524420 5.550336 5.363574 6.082423 6.196516 4.950038 4.507833 5.355514 4.865193 5.603222 5.204103 5.441077 5.778256 5.501744 5.548799 5.665048 6.577320 6.542792 5.767958 4.792635 5.312608 5.359681 5.444029 5.440260 5.666931 5.579693 7.423985 6.179440 5.290869 5.636376 5.458030 5.786074 4.951986 5.708655 5.680301 6.274973 5.748469 5.676641 5.418531 5.153386 5.780004 4.599925 5.126932 5.357966 5.562697 6.115198 4.881269 5.752039 4.627597 5.434265 6.105520 6.394265 5.176901 6.151449 4.957663 5.642413 4.998680 5.649954
19 3.559909 4.296552 3.513128 2.444675 4.734322 1.580982 3.264920 3.404471 3.397279 3.055623 2.301479 3.364590 2.851542 3.605507 2.577551 2.276698 2.710603 2.662610 0.000000 4.202055 3.936924 5.048780 3.898262 4.367990 4.542050 5.844588 3.440710 4.062719 3.703506 3.845864 3.061163 2.093652 3.773063 3.653097 3.737105 3.810494 4.092637 3.866909 4.267113 4.894992 3.732023 4.770679 3.380964 5.156171 4.134699 4.203155 3.619018 3.493819 3.008701 1.927150 4.126771 3.084826 2.459289 2.313329 3.515771 3.407756 3.221425 2.547346 2.478929 8.624297 7.029254 6.800171 5.833500 5.541836 6.755806 4.881380 5.757776 6.504974 6.074059 7.358919 6.799661 5.832432 6.421249 6.064031 5.417439 7.104611 6.497872 7.075365 6.363031 6.106061 6.843949 5.163394 6.832624 7.164079 6.409333 5.941581 6.802171 7.214460 6.720881 7.076371 7.093676 7.188083 7.244832 6.565014 6.361922 6.621386 7.381505 6.107166 4.968189 6.384845 6.149439 6.908071 6.339026 7.117751 6.137154 7.642260 6.578220 6.965359 6.817716 5.900038 7.517325 6.688579 6.860486 6.731209 6.722369 7.633984 7.137464 6.636175 7.775967 7.100707 6.051674 7.364097 7.503476 7.385486 7.372455 6.599880 6.273072 7.609271 6.880341 7.260656 6.867936 7.126888 7.569842 7.116683 7.091345 7.204300 8.252891 8.444287 7.335130 6.896831 7.268237 6.814808 7.483325 7.041934 6.880069 7.177137 8.861915 7.687130 6.836122 7.203877 7.235033 7.301454 7.030312 7.000102 7.284183 7.731785 7.159250 7.517438 6.645025 6.505017 7.383253 6.431311 7.173253 7.009747 6.986712 7.726279 6.478472 6.967698 6.430391 7.132321 7.771048 7.812703 6.552857 7.517113 6.660737 6.926015 6.564744 7.367577
20 2.499925 2.914203 3.120081 3.552595 2.980397 3.193477 2.863256 2.470294 3.209575 2.678810 3.390430 3.247734 3.168307 4.564155 4.386578 2.977246 3.108716 3.295792 4.202055 0.000000 2.332614 2.209971 2.386417 2.793273 2.805960 4.841946 2.767049 3.406940 2.920894 2.734401 3.866465 3.245131 3.157612 4.030754 2.482476 2.516187 2.550688 2.982058 3.305148 1.819873 2.570483 3.072665 2.077115 2.407934 2.655837 2.301284 2.458217 2.696309 2.889273 3.308967 4.089504 3.066785 3.114308 3.030692 1.975865 2.763851 2.278464 2.627732 2.835685 7.210116 6.299947 5.730725 4.660403 4.321428 5.256293 3.843180 4.963960 5.028415 5.198556 5.613590 5.331327 4.629317 4.653986 5.400549 3.937774 5.368216 5.118618 4.723126 5.005328 4.181816 5.287414 3.568827 5.763045 5.817135 4.182281 3.979046 5.524080 5.879711 5.260996 5.817818 5.620268 5.696755 6.079496 3.991731 3.998892 5.554849 4.801568 4.530420 4.184891 5.124257 4.657979 5.080383 3.742010 5.384806 4.478612 5.927176 4.791525 5.457783 4.934076 4.238694 5.706618 4.271698 5.515391 5.427279 5.026836 6.846231 5.142475 4.451851 5.656829 4.848541 3.919268 6.491498 5.158174 4.800255 4.922674 4.558647 4.589950 6.465129 5.128796 5.164293 4.852729 4.924530 5.814261 4.889530 6.256967 6.275541 6.593474 6.863273 5.988676 5.454697 5.524255 5.115478 5.796590 5.107077 4.992274 5.460100 6.870064 6.043194 5.574033 5.507555 5.391566 5.658519 5.388820 6.267112 6.284678 6.583458 5.732653 6.845232 6.818889 6.310307 5.924385 5.006170 5.658485 4.975149 5.912373 6.244813 5.503972 5.781104 5.339538 5.240009 5.724763 6.602197 5.596282 6.027627 5.274174 5.658919 5.652931 6.350744
21 1.287893 3.264410 3.404682 3.275931 3.555201 2.945465 3.058383 2.867233 2.854167 2.357435 3.089526 3.498786 3.530733 4.103869 3.917901 3.287191 3.144073 3.141224 3.936924 2.332614 0.000000 3.596890 2.440035 3.432674 3.217769 5.131568 3.548141 3.866491 3.027296 2.551057 3.822471 3.250726 2.991766 3.701717 3.133612 2.610069 3.379273 3.729988 3.507703 2.641575 1.529670 4.112850 2.755261 3.570208 2.304785 3.445282 2.730882 2.231129 2.685125 2.733074 3.857125 3.259302 2.706212 3.176832 1.904527 2.484715 1.327753 3.305239 2.888640 7.379456 6.569016 5.958784 4.693451 4.165342 5.580631 4.063958 4.375077 5.171720 5.402156 4.839928 5.882805 4.688280 5.095769 4.948486 4.152568 5.733195 4.961740 5.463448 4.341015 4.592362 5.163723 3.901578 6.135478 6.503025 4.673054 3.965706 5.778471 6.289017 5.929843 6.180100 6.098640 6.082526 6.406604 4.502607 4.528630 4.659794 5.641598 4.550176 4.004100 5.088926 4.677419 5.338593 4.510546 5.632464 4.624181 6.223083 5.175040 5.872331 4.788806 4.631496 5.701779 4.941808 6.312420 5.764286 5.502868 6.696410 5.404024 4.496563 6.574243 5.480732 4.579174 6.704369 6.069138 5.829817 5.708420 5.006824 4.862388 6.904868 5.351555 6.340033 5.548303 6.107837 6.768353 6.161279 6.656718 6.838375 7.879029 7.929175 6.724757 6.205482 6.499865 6.090709 6.753132 6.211173 6.084743 6.322207 8.092681 7.280389 6.426038 6.488444 6.312456 6.521321 6.048961 6.753282 6.542301 7.481578 6.609601 7.540176 6.735874 6.526425 6.921545 5.830643 6.407009 6.062257 6.613212 7.091216 6.252801 6.726506 6.053749 6.537156 6.782924 7.365995 6.292325 7.217441 6.222516 6.445885 6.098483 7.170444
22 3.640689 3.801088 2.715760 4.632053 2.508013 4.221045 3.385345 3.298796 4.123333 3.525846 3.888989 3.627968 3.382010 5.056304 5.159896 3.581565 3.689741 3.715163 5.048780 2.209971 3.596890 0.000000 2.728835 2.459394 2.254924 4.105284 3.007964 3.588950 2.839135 3.114558 3.689153 3.787762 3.073576 4.438129 2.610285 2.379923 2.961302 2.887224 3.618724 3.274883 3.327865 2.688580 3.317904 2.075972 3.119083 2.745585 3.027333 3.618686 3.075881 4.001795 4.493912 3.128580 4.294606 3.581464 3.310708 3.151197 3.570281 3.038024 3.942469 7.421715 6.001949 5.614055 4.753366 4.139616 4.579332 3.266091 5.033696 4.482405 5.337720 5.923149 4.695575 3.937484 4.018434 5.172966 3.749029 4.911911 5.108491 4.075775 5.208616 2.774613 4.681811 2.865635 4.491309 4.601019 3.493473 3.590355 4.387955 4.410650 3.925813 4.537783 4.506708 4.406919 5.066095 2.937047 3.589704 5.778415 4.404471 4.148096 4.209798 4.025571 4.358690 4.546922 2.801551 4.691947 3.670243 4.719003 3.798062 4.374360 4.280769 3.227536 5.054731 3.574654 4.397121 4.509951 4.041334 5.636319 4.227558 3.702367 5.105290 3.633715 2.947790 5.795768 3.501546 3.676565 3.550496 3.663138 3.937441 4.999094 3.997122 3.680221 5.168825 4.623150 5.285082 4.553116 5.701092 5.708154 5.522417 5.545329 5.277819 4.509484 4.625165 4.582567 4.930251 4.214406 4.649690 4.849342 6.207087 5.151640 4.993702 5.239636 5.305834 5.513286 5.072986 5.775459 5.900513 5.649340 5.143650 5.796114 6.428274 5.775005 5.123122 4.530135 4.736918 4.538234 5.442436 5.333595 4.955397 5.208133 4.697017 4.622371 5.056828 6.134366 5.301243 5.284611 4.532527 5.450827 5.443457 5.617802
23 2.430159 2.253203 2.971081 3.684218 3.445266 3.045960 1.826684 2.316528 2.556213 1.970009 2.734102 2.233161 2.179790 3.950452 4.093421 2.944975 3.328094 3.211978 3.898262 2.386417 2.440035 2.728835 0.000000 1.610859 1.617565 4.905806 2.099028 2.436212 2.411232 1.335667 3.399538 2.831414 2.180593 3.807256 2.261461 1.650367 2.818071 2.531784 2.408392 3.556189 2.599077 2.854546 2.255645 3.049227 2.215797 2.921170 2.465540 2.301732 2.576458 2.958965 3.756136 2.169416 3.135633 2.886400 2.152744 2.911527 2.441835 2.541112 3.077892 6.715535 5.788502 5.529157 3.851759 3.805499 4.905375 3.524937 3.994140 3.915426 4.845744 5.633787 5.056267 4.015500 4.062984 5.283142 3.517635 5.053412 4.398585 4.792975 4.998658 3.983067 4.284375 2.556732 4.746055 5.666328 3.999643 3.101967 4.795032 5.051342 4.578459 4.596088 4.945358 5.010886 5.354809 3.608469 3.987389 5.842394 5.563134 3.741220 3.618008 4.571500 3.870051 4.239185 3.584929 4.768903 3.220236 5.227931 3.862169 4.822559 4.224345 3.854080 5.924012 4.011146 5.401393 4.882855 4.329289 5.823868 4.230309 3.984835 5.596541 4.333746 3.747306 6.707256 5.342363 5.157194 5.081071 3.942254 4.220571 6.091266 4.516657 5.104105 5.488081 5.628542 6.175856 5.737632 5.901912 6.194972 6.903722 7.219309 5.918392 5.488831 5.548100 5.000905 5.886479 5.408258 5.754064 5.665715 7.276113 6.508153 5.965361 6.488764 6.540735 6.646330 6.224979 6.630199 6.252955 6.982419 6.275171 6.869230 7.061157 6.510065 6.349200 5.299806 5.784722 5.492184 6.124727 6.392576 6.230415 6.139914 5.763924 6.357478 6.025522 6.802716 5.908404 6.640250 5.814900 6.530301 6.151984 6.869566
24 3.490053 2.589816 3.038069 4.369849 3.146482 3.663038 2.611740 2.707169 3.463381 2.602862 3.461024 2.387023 2.259048 4.736278 4.874905 2.903092 3.594429 3.296242 4.367990 2.793273 3.432674 2.459394 1.610859 0.000000 1.362688 4.475387 1.827245 2.171298 2.529975 2.178820 3.336170 3.017351 2.445027 3.920713 1.881979 1.738039 2.351203 1.676246 2.242732 4.360127 3.268332 2.902120 2.762855 3.112077 2.594950 3.349816 3.492506 3.099317 2.997643 3.538633 4.124145 2.433605 3.788634 3.035420 2.677277 3.120230 3.292261 2.349111 3.399412 6.374694 5.062499 4.942810 3.624553 3.444919 4.055720 2.749373 4.278813 3.289187 4.341385 5.756562 4.212531 3.746653 3.451053 5.201044 2.732002 4.353015 4.197240 4.061798 5.025988 3.752683 3.711319 1.983282 3.622992 5.169711 3.122104 2.521329 3.915316 3.938377 3.434535 3.608395 4.094447 4.031593 4.648889 3.200112 3.193945 6.062111 4.708294 3.349974 3.397441 4.505857 3.584850 3.665225 2.814737 4.081079 2.703463 4.729246 3.149012 4.095770 3.851182 3.017870 5.926849 3.373996 4.445783 3.709544 3.328253 5.156257 3.462292 3.440494 5.093326 3.851006 2.954456 6.245841 4.766483 5.155420 4.831708 3.287345 3.684475 5.175833 3.840931 4.303316 4.835651 4.861093 5.296628 4.965233 5.117909 5.520056 6.044457 6.532608 5.431763 4.653077 4.680008 4.266474 5.129572 5.018610 5.130038 5.155879 6.803038 5.802888 5.358165 5.975318 6.021923 5.992785 5.498290 6.255107 5.605624 6.539719 5.907635 6.016596 6.843479 6.016276 5.581150 4.756412 5.073528 4.854632 5.573129 5.934332 5.715540 5.430227 5.113560 5.746825 5.136858 6.045854 5.444548 6.258177 5.243323 6.189904 5.703780 6.415300
