param m:=150;
param k:=3;
param d: 1 2 3 4 5 6 7 8 9 10 11 12 13 14 15 16 17 18 19 20 21 22 23 24 25 26 27 28 29 30 31 32 33 34 35 36 37 38 39 40 41 42 43 44 45 46 47 48 49 50 51 52 53 54 55 56 57 58 59 60 61 62 63 64 65 66 67 68 69 70 71 72 73 74 75 76 77 78 79 80 81 82 83 84 85 86 87 88 89 90 91 92 93 94 95 96 97 98 99 100 101 102 103 104 105 106 107 108 109 110 111 112 113 114 115 116 117 118 119 120 121 122 123 124 125 126 127 128 129 130 131 132 133 134 135 136 137 138 139 140 141 142 143 144 145 146 147 148 149 150 :=
1 0.000000 1.182121 0.848567 1.107715 0.261207 1.042658 0.661720 0.267325 1.626993 0.967472 0.591234 0.445665 1.219878 1.524696 1.439104 2.222217 1.030178 0.131473 1.028034 0.708833 0.463450 0.535316 0.687261 0.631553 0.516261 1.168888 0.387691 0.133848 0.261207 0.854264 1.000913 0.507993 1.401037 1.690777 0.967472 0.713822 0.487996 0.967472 1.435729 0.238288 0.187618 2.874000 1.097525 0.551524 0.794927 1.219878 0.703463 0.921394 0.525499 0.478405 3.434031 2.998651 3.534982 3.496171 3.425482 2.889888 3.039366 2.968429 3.260965 2.819901 3.820359 2.781137 3.678444 3.066992 2.439541 3.164594 2.781098 2.758632 4.105455 3.023729 3.095919 2.893004 3.788321 3.056470 3.036438 3.168825 3.618569 3.630045 3.024186 2.719961 3.158615 3.087234 2.809984 3.525773 2.738540 2.781770 3.325351 3.850560 2.480847 3.141199 3.034978 2.933807 2.995202 3.162138 2.901861 2.476078 2.661386 2.918088 2.753663 2.757034 4.279569 3.683583 4.472085 3.764455 4.170228 5.049614 3.522813 4.606816 4.449572 4.776532 3.658806 3.977701 4.154212 3.959109 4.016986 3.937555 3.751952 5.138508 5.627330 4.165428 4.340582 3.542956 5.218476 3.731953 4.023898 4.268965 3.544497 3.345615 4.129070 4.178713 4.746481 5.067248 4.209909 3.476509 3.741500 5.101910 4.029637 3.633018 3.269719 4.126437 4.322676 4.202774 3.683583 4.346945 4.369858 4.170061 4.081076 3.806067 3.824488 3.336203
2 1.182121 0.000000 0.525499 0.434645 1.393695 2.191488 1.003084 0.935239 0.648528 0.272151 1.730345 0.940412 0.178793 0.758240 2.560641 3.392238 2.185578 1.189410 2.100725 1.872505 1.119331 1.659795 1.453127 0.851659 0.975849 0.166182 0.976481 1.214105 0.994431 0.534650 0.284893 1.138496 2.575244 2.870428 0.272151 0.491738 1.367646 0.272151 0.608502 0.958498 1.172128 1.696834 0.764503 1.281742 1.906761 0.178793 1.870479 0.588493 1.691733 0.704704 3.563617 3.089716 3.578923 2.725775 3.194558 2.520498 3.204517 2.049713 3.114380 2.263667 2.811001 2.631460 2.914746 2.859768 2.104653 3.195278 2.597727 2.266001 3.454998 2.340779 3.137757 2.570182 3.331481 2.752884 2.857966 3.105221 3.426586 3.582862 2.803357 2.080552 2.391434 2.296328 2.328244 3.173837 2.528997 3.021377 3.354564 3.240874 2.273384 2.478853 2.454414 2.813278 2.441408 2.216330 2.414137 2.281089 2.370633 2.710313 1.904031 2.367000 4.398397 3.330689 4.460282 3.613919 4.114975 5.068215 2.887115 4.549649 4.096461 5.097195 3.741661 3.701240 4.120179 3.474130 3.767806 4.007341 3.690442 5.561923 5.456362 3.509357 4.437198 3.239640 5.138918 3.427217 4.178259 4.387289 3.295232 3.240439 3.932144 4.173121 4.639923 5.506830 4.016949 3.231088 3.341293 5.126054 4.219553 3.635626 3.152720 4.164142 4.345190 4.239800 3.330689 4.436809 4.512399 4.129053 3.660953 3.745446 4.016794 3.212493
3 0.848567 0.525499 0.000000 0.284893 0.996055 1.861209 0.499389 0.599382 0.785681 0.377484 1.439104 0.507912 0.499389 0.692326 2.281829 3.043198 1.847258 0.858692 1.861422 1.480821 0.992638 1.286727 0.948969 0.704102 0.587609 0.612721 0.666759 0.928387 0.764503 0.170597 0.311981 1.007802 2.175913 2.509500 0.377484 0.367925 1.192288 0.377484 0.588493 0.679728 0.794573 2.100796 0.363504 0.959024 1.532372 0.499389 1.480444 0.133848 1.371188 0.434645 3.740832 3.236588 3.777769 3.118627 3.472220 2.779882 3.307281 2.426003 3.375650 2.526019 3.242578 2.822957 3.361481 3.096249 2.339503 3.394534 2.763315 2.599354 3.858835 2.720132 3.240439 2.860636 3.673472 3.033322 3.118776 3.333305 3.712374 3.795122 3.032430 2.463175 2.790666 2.708417 2.651351 3.446338 2.676957 3.065060 3.547614 3.646222 2.455633 2.830604 2.775507 3.017012 2.791070 2.620916 2.709049 2.475968 2.600220 2.964311 2.278895 2.636599 4.483208 3.574919 4.664042 3.826820 4.293409 5.280614 3.143727 4.787065 4.412452 5.160145 3.876431 3.968756 4.316595 3.757568 3.958373 4.127915 3.885911 5.611127 5.736275 3.896674 4.581389 3.440529 5.394453 3.703116 4.292622 4.554590 3.542092 3.421648 4.161588 4.396177 4.899546 5.565337 4.241808 3.493698 3.643281 5.338622 4.279933 3.798131 3.328915 4.339962 4.502371 4.410407 3.574919 4.576012 4.618496 4.316025 3.975509 3.935721 4.071385 3.379766
4 1.107715 0.434645 0.284893 0.000000 1.255716 2.109201 0.708833 0.846660 0.525499 0.386549 1.693319 0.737486 0.364407 0.504685 2.545701 3.300776 2.109201 1.115490 2.104880 1.734401 1.197701 1.537493 1.191439 0.865871 0.769670 0.540081 0.888373 1.176986 1.006826 0.267325 0.248918 1.220939 2.429106 2.769779 0.386549 0.563522 1.434889 0.386549 0.353849 0.921394 1.059190 1.863312 0.353849 1.171093 1.764013 0.364407 1.730345 0.238288 1.626993 0.672554 3.782930 3.262197 3.798151 2.954456 3.436682 2.694484 3.340119 2.215835 3.359456 2.395198 3.018918 2.795230 3.215938 3.052530 2.280334 3.418072 2.711686 2.502629 3.731938 2.580423 3.237476 2.810315 3.581907 2.970712 3.098027 3.336887 3.687603 3.791913 2.987193 2.348382 2.631304 2.546448 2.561649 3.363500 2.612413 3.107693 3.564704 3.532857 2.408153 2.688771 2.641204 2.992252 2.683733 2.411619 2.602652 2.432265 2.537626 2.932477 2.102957 2.556540 4.488796 3.486719 4.661542 3.783920 4.271628 5.283734 2.976463 4.774157 4.336639 5.220139 3.891644 3.908771 4.309679 3.642233 3.892683 4.135532 3.866853 5.691300 5.700876 3.754653 4.598603 3.359858 5.379157 3.641829 4.316595 4.577292 3.490979 3.394125 4.112734 4.398336 4.881626 5.654791 4.193889 3.440494 3.544994 5.350504 4.304276 3.788903 3.298129 4.350287 4.502941 4.424955 3.486719 4.587229 4.640787 4.310203 3.889396 3.921856 4.096541 3.339256
5 0.261207 1.393695 0.996055 1.255716 0.000000 0.902816 0.682921 0.466286 1.775488 1.172128 0.540081 0.534650 1.415527 1.641187 1.345109 2.053973 0.888373 0.292428 0.989939 0.499389 0.691519 0.374971 0.535393 0.825395 0.594776 1.393068 0.544302 0.339864 0.522414 1.000913 1.187579 0.722129 1.190768 1.514842 1.172128 0.932573 0.651016 1.172128 1.568272 0.481772 0.272151 3.071980 1.178359 0.585700 0.615511 1.415527 0.491738 1.044827 0.434645 0.694209 3.569312 3.124603 3.677124 3.700544 3.600404 3.057045 3.142057 3.162138 3.432949 2.984324 4.029942 2.928026 3.905852 3.226588 2.609401 3.313771 2.912907 2.956448 4.317200 3.229386 3.195174 3.079123 3.980315 3.233192 3.211304 3.329505 3.796197 3.775016 3.181315 2.933675 3.367576 3.300718 3.004420 3.690574 2.862061 2.859692 3.467619 4.066022 2.627759 3.335230 3.218793 3.082947 3.195131 3.364984 3.081007 2.628849 2.823110 3.090150 2.953275 2.931775 4.353101 3.833968 4.603315 3.903111 4.290174 5.180385 3.672963 4.751794 4.626843 4.836633 3.766625 4.138697 4.284899 4.121881 4.142416 4.034300 3.884834 5.187934 5.784667 4.367553 4.445077 3.676581 5.367851 3.899336 4.116307 4.385225 3.701939 3.477136 4.271865 4.322265 4.901258 5.123096 4.350052 3.640929 3.914656 5.234180 4.094589 3.751952 3.399858 4.248839 4.433052 4.323014 3.833968 4.447991 4.455097 4.296850 4.259897 3.937123 3.889091 3.459604
6 1.042658 2.191488 1.861209 2.109201 0.902816 0.000000 1.524696 1.286727 2.630806 1.990621 0.544302 1.392694 2.247341 2.527013 0.662146 1.218094 0.227463 1.017487 0.450519 0.464653 1.186518 0.599382 1.284190 1.441223 1.396173 2.155137 1.255716 0.998779 1.222969 1.848133 2.006974 1.162591 0.664392 0.771266 1.990621 1.734563 0.996152 1.990621 2.434416 1.246152 1.077352 3.868637 2.052526 1.078906 0.445665 2.216362 0.507993 1.913554 0.557626 1.503614 3.319815 2.952747 3.483277 4.102868 3.614797 3.247566 2.918273 3.723612 3.404194 3.326135 4.608197 2.969334 4.282127 3.273070 2.825053 3.161347 3.003796 3.229644 4.587105 3.600846 3.079991 3.210819 4.133680 3.348912 3.226295 3.246133 3.767352 3.641597 3.241913 3.294180 3.786274 3.738794 3.258387 3.803496 2.994005 2.625169 3.303039 4.319120 2.767449 3.690621 3.539464 3.082985 3.478690 3.923406 3.345251 2.756227 2.984633 3.143317 3.467114 3.142304 4.088862 3.946270 4.390900 3.853609 4.141264 4.919633 4.039645 4.570035 4.669071 4.372870 3.544497 4.154398 4.108506 4.309747 4.167296 3.810880 3.764462 4.637327 5.639147 4.649379 4.164260 3.778130 5.172532 3.949587 3.818146 4.092394 3.730192 3.428694 4.226259 4.125423 4.743575 4.560465 4.297237 3.673977 4.051652 4.960275 3.789515 3.598966 3.370661 4.019049 4.211978 4.087604 3.946270 4.176796 4.147961 4.125501 4.369800 3.807900 3.597943 3.439539
7 0.661720 1.003084 0.499389 0.708833 0.682921 1.524696 0.000000 0.505396 1.189410 0.828514 1.200862 0.298239 0.992282 1.042658 2.017940 2.674272 1.516189 0.648528 1.631668 1.107715 0.992983 0.932462 0.532178 0.720300 0.396049 1.059190 0.514904 0.776277 0.738799 0.509010 0.755561 0.979870 1.795754 2.152563 0.828514 0.692326 1.123957 0.828514 0.967472 0.622543 0.540081 2.548949 0.541696 0.675984 1.149751 0.956809 1.119830 0.481118 1.105371 0.552937 3.779396 3.250800 3.833911 3.403372 3.609454 2.922378 3.277078 2.738833 3.500168 2.695353 3.605998 2.891755 3.690715 3.202353 2.469914 3.458088 2.814530 2.818213 4.131098 2.988782 3.212898 3.024165 3.876943 3.186327 3.247091 3.425092 3.855294 3.861365 3.132561 2.734327 3.084285 3.016878 2.856421 3.584628 2.719014 2.984357 3.600986 3.919321 2.531958 3.072629 2.987755 3.092402 3.021137 2.954399 2.890627 2.562920 2.716414 3.089539 2.576520 2.791070 4.416456 3.686451 4.709717 3.895523 4.319402 5.330533 3.311337 4.867741 4.578380 5.064411 3.864792 4.089516 4.358776 3.911535 4.011428 4.099216 3.934699 5.503567 5.850822 4.155522 4.568804 3.514622 5.487774 3.836309 4.255311 4.568443 3.648771 3.465628 4.241369 4.468020 5.000638 5.470352 4.316104 3.617556 3.811321 5.387313 4.191659 3.816255 3.370710 4.361518 4.503726 4.426005 3.686451 4.558775 4.568730 4.349126 4.146832 3.977652 3.980765 3.413804
8 0.267325 0.935239 0.599382 0.846660 0.466286 1.286727 0.505396 0.000000 1.367646 0.716863 0.846660 0.248918 0.967472 1.282647 1.701891 2.478563 1.286727 0.297906 1.267430 0.942722 0.497837 0.752162 0.727969 0.486549 0.332364 0.927357 0.269025 0.335073 0.248918 0.591234 0.737486 0.551405 1.643116 1.948667 0.716863 0.493247 0.658425 0.716863 1.182468 0.121168 0.289426 2.622306 0.869289 0.577359 0.996152 0.967472 0.935239 0.672554 0.783620 0.238288 3.447786 2.987193 3.527231 3.310414 3.355571 2.765673 3.038742 2.742879 3.208782 2.652211 3.590962 2.706388 3.508033 2.985890 2.320515 3.151751 2.686415 2.618336 3.956830 2.851067 3.057762 2.795846 3.671224 2.957028 2.973721 3.134305 3.563022 3.598639 2.939111 2.558547 2.971953 2.897091 2.674804 3.416249 2.631196 2.786824 3.310201 3.710994 2.379661 2.969334 2.870912 2.868779 2.848901 2.938230 2.757034 2.379505 2.550874 2.842459 2.545525 2.631462 4.269291 3.570677 4.453287 3.698749 4.129566 5.043051 3.339388 4.580474 4.357115 4.827678 3.648127 3.894394 4.126437 3.823403 3.927369 3.922246 3.709321 5.217057 5.584102 4.007675 4.340654 3.434355 5.193743 3.642552 4.029980 4.277074 3.462422 3.285788 4.059693 4.162895 4.714050 5.154469 4.141887 3.394257 3.623318 5.101466 4.035229 3.599786 3.204907 4.115873 4.304276 4.194715 3.570677 4.342148 4.375460 4.141189 3.971805 3.766625 3.828234 3.265249
9 1.626993 0.648528 0.785681 0.525499 1.775488 2.630806 1.189410 1.367646 0.000000 0.775725 2.213239 1.259573 0.552937 0.338552 3.061007 3.821220 2.625885 1.632296 2.620100 2.253276 1.684028 2.053973 1.653567 1.326962 1.286247 0.771376 1.396173 1.694274 1.509407 0.791831 0.679728 1.696827 2.944649 3.290286 0.775725 1.011633 1.925466 0.775725 0.238288 1.435729 1.573773 1.401037 0.696534 1.657028 2.281823 0.552937 2.251593 0.735291 2.149297 1.176986 4.051826 3.519001 4.033944 2.825185 3.572207 2.780979 3.614724 1.994829 3.536770 2.379904 2.719961 2.968726 3.110395 3.202119 2.402244 3.657893 2.862951 2.560355 3.661893 2.528256 3.456655 2.928145 3.610999 3.089752 3.268595 3.543849 3.838933 3.987504 3.128464 2.344235 2.525446 2.435579 2.615602 3.433297 2.747816 3.404801 3.797826 3.497087 2.572272 2.628826 2.626263 3.177566 2.697041 2.174824 2.637248 2.607391 2.666070 3.093203 1.950406 2.642654 4.705656 3.537534 4.852285 3.928019 4.438769 5.483744 2.867150 4.953423 4.394179 5.515554 4.121149 4.000091 4.492881 3.623428 3.965363 4.346931 4.048335 6.026873 5.820220 3.673472 4.822845 3.424819 5.543080 3.728345 4.565349 4.822848 3.601884 3.561297 4.227340 4.605682 5.040407 6.000585 4.306336 3.563953 3.594196 5.550484 4.550718 3.993458 3.460522 4.561150 4.695855 4.630326 3.537534 4.807241 4.873019 4.484681 3.917030 4.098538 4.346518 3.494118
10 0.967472 0.272151 0.377484 0.386549 1.172128 1.990621 0.828514 0.716863 0.775725 0.000000 1.520536 0.719115 0.267325 0.796132 2.360707 3.185073 1.990621 0.993911 1.909325 1.658821 0.937650 1.463556 1.252576 0.749942 0.752085 0.297906 0.809572 1.003084 0.796605 0.364407 0.187618 1.002264 2.342406 2.651091 0.000000 0.338552 1.189755 0.000000 0.671423 0.746952 0.976481 1.934945 0.671423 1.143154 1.699956 0.374971 1.644100 0.454094 1.476447 0.499389 3.572207 3.107273 3.605373 2.909587 3.276570 2.611695 3.208156 2.252030 3.170779 2.402644 3.031087 2.695733 3.087876 2.925894 2.201980 3.224530 2.659168 2.373195 3.621707 2.497646 3.168379 2.665748 3.454180 2.828233 2.922644 3.152346 3.496384 3.632725 2.879044 2.229773 2.567393 2.473372 2.449508 3.273115 2.592067 3.009635 3.384680 3.393117 2.334094 2.639388 2.584236 2.862951 2.576910 2.426835 2.534283 2.332820 2.449541 2.778431 2.107731 2.469129 4.426770 3.440529 4.509322 3.677372 4.172999 5.106996 3.043524 4.595290 4.202272 5.089602 3.773973 3.798683 4.176316 3.615046 3.873741 4.048753 3.739170 5.522765 5.535757 3.669195 4.471742 3.343565 5.193864 3.530996 4.193967 4.400433 3.388221 3.301708 4.016867 4.205761 4.701156 5.462726 4.104133 3.307311 3.436553 5.174215 4.235473 3.670519 3.216666 4.207753 4.397335 4.292966 3.440529 4.469910 4.542196 4.195636 3.790381 3.805119 4.030832 3.272309
11 0.591234 1.730345 1.439104 1.693319 0.540081 0.544302 1.200862 0.846660 2.213239 1.520536 0.000000 1.006826 1.781257 2.114078 0.863676 1.680802 0.544302 0.605676 0.464653 0.450519 0.703463 0.448637 1.036347 1.075822 1.030633 1.691733 0.888373 0.522414 0.737486 1.435729 1.568272 0.742339 0.965800 1.164731 1.520536 1.265975 0.491738 1.520536 2.026060 0.783620 0.692326 3.422676 1.679221 0.853752 0.553681 1.781257 0.434645 1.510478 0.121168 1.046373 3.301146 2.939111 3.448251 3.823942 3.484623 3.077549 2.957224 3.401545 3.277237 3.124922 4.255563 2.875660 3.962828 3.153856 2.646379 3.101211 2.917888 2.980248 4.338122 3.321484 3.106804 3.028086 3.944539 3.177509 3.085761 3.153821 3.636689 3.599371 3.128433 3.001849 3.489256 3.425718 3.029979 3.669066 2.907808 2.703459 3.262117 4.061470 2.638188 3.440649 3.307865 2.989962 3.234767 3.589450 3.140436 2.615691 2.829848 2.998897 3.157631 2.957526 4.211659 3.843947 4.400820 3.804879 4.158543 4.937667 3.857117 4.539005 4.538297 4.560348 3.592553 4.060515 4.112821 4.171886 4.138736 3.885752 3.741554 4.845425 5.594467 4.411255 4.238993 3.706024 5.142787 3.834985 3.909240 4.131440 3.636408 3.392106 4.181064 4.092394 4.695522 4.753325 4.260918 3.555084 3.888901 4.985548 3.933575 3.604830 3.331496 4.048393 4.267409 4.128524 3.843947 4.254350 4.264511 4.141825 4.225722 3.798372 3.736679 3.406867
12 0.445665 0.940412 0.507912 0.737486 0.534650 1.392694 0.298239 0.248918 1.259573 0.719115 1.006826 0.000000 0.941795 1.149751 1.856774 2.572221 1.401951 0.464653 1.437529 1.004695 0.729228 0.828514 0.623963 0.586926 0.170597 0.956809 0.357585 0.540081 0.497837 0.478405 0.694209 0.775186 1.696834 2.039452 0.719115 0.569785 0.895573 0.719115 1.058663 0.367925 0.398325 2.580262 0.691519 0.623567 1.042658 0.941795 0.994431 0.534650 0.923147 0.353849 3.593990 3.100553 3.660496 3.339573 3.464423 2.815665 3.138853 2.722169 3.331273 2.656768 3.581567 2.782160 3.576848 3.068638 2.379768 3.287292 2.727108 2.686876 4.028543 2.896151 3.118811 2.891889 3.752786 3.040561 3.089670 3.261579 3.687918 3.712702 3.015556 2.624854 3.006550 2.933675 2.744291 3.476659 2.650667 2.867332 3.436682 3.795962 2.430834 3.001808 2.900030 2.955902 2.913130 2.928949 2.800167 2.441408 2.608714 2.943665 2.550171 2.688771 4.331422 3.612296 4.565349 3.773723 4.209284 5.166370 3.310698 4.699253 4.445972 4.935881 3.744178 3.975509 4.229400 3.855529 3.965245 4.002797 3.800424 5.341251 5.699170 4.060090 4.443806 3.462546 5.318481 3.724741 4.126672 4.399577 3.541415 3.359235 4.135224 4.290168 4.836958 5.293078 4.215946 3.480454 3.683914 5.232116 4.104061 3.685634 3.272190 4.226813 4.395673 4.305877 3.612296 4.437198 4.464676 4.239159 4.046514 3.858889 3.894846 3.319567
13 1.219878 0.178793 0.499389 0.364407 1.415527 2.247341 0.992282 0.967472 0.552937 0.267325 1.781257 0.941795 0.000000 0.629400 2.617846 3.441408 2.241578 1.240951 2.171287 1.905660 1.196531 1.707265 1.433686 0.959024 0.977182 0.298239 1.041146 1.262580 1.053066 0.509010 0.289426 1.242617 2.591788 2.906459 0.267325 0.550578 1.441736 0.267325 0.505396 1.004695 1.212347 1.681763 0.685284 1.357377 1.948223 0.262946 1.894567 0.538703 1.735333 0.746952 3.709826 3.235456 3.725230 2.831655 3.340119 2.645762 3.346037 2.123641 3.257419 2.378884 2.870474 2.774814 3.021137 2.996238 2.246630 3.344421 2.726739 2.389050 3.577725 2.455176 3.274789 2.714855 3.462836 2.882429 3.003441 3.253979 3.570183 3.730410 2.943329 2.207291 2.497646 2.399549 2.462247 3.303360 2.650287 3.157161 3.501860 3.365500 2.405423 2.594828 2.564761 2.951899 2.569516 2.291290 2.538866 2.411627 2.503407 2.853027 2.006779 2.499967 4.536967 3.460841 4.607484 3.749211 4.257488 5.212333 2.980932 4.689256 4.230204 5.242503 3.888968 3.841782 4.268792 3.599822 3.905527 4.154175 3.830701 5.699170 5.599286 3.622149 4.586277 3.369725 5.280614 3.569593 4.321480 4.528659 3.438803 3.381996 4.073206 4.313496 4.783580 5.644493 4.159291 3.366362 3.458816 5.277930 4.359843 3.774032 3.293589 4.314643 4.494633 4.395579 3.460841 4.582698 4.660190 4.282004 3.799122 3.892609 4.156237 3.346466
14 1.524696 0.758240 0.692326 0.504685 1.641187 2.527013 1.042658 1.282647 0.338552 0.796132 2.114078 1.149751 0.629400 0.000000 2.945950 3.685130 2.506455 1.541607 2.547585 2.118380 1.663411 1.941842 1.442345 1.347044 1.203346 0.904173 1.346316 1.611497 1.446499 0.739746 0.720220 1.685391 2.778521 3.141872 0.796132 0.976785 1.866296 0.796132 0.211900 1.365799 1.462928 1.662715 0.509010 1.603451 2.174667 0.682118 2.113003 0.626668 2.039855 1.117012 4.246079 3.716834 4.246847 3.153821 3.830051 3.052707 3.799293 2.328402 3.777631 2.669748 3.055625 3.202184 3.433609 3.452894 2.654218 3.866895 3.099557 2.845300 3.981603 2.843171 3.659924 3.190557 3.907519 3.354614 3.511201 3.769521 4.091254 4.219016 3.379734 2.645198 2.850921 2.761874 2.900350 3.713221 2.983712 3.567503 4.011104 3.808812 2.807240 2.943034 2.929834 3.411647 2.995193 2.511659 2.925710 2.841954 2.920241 3.339761 2.274685 2.913965 4.906624 3.815707 5.086741 4.179698 4.676743 5.717022 3.167078 5.196767 4.683373 5.684671 4.328277 4.273310 4.727637 3.921058 4.223190 4.556212 4.285065 6.177595 6.088756 3.997047 5.034632 3.688468 5.793706 4.002433 4.763942 5.031998 3.864792 3.797596 4.488999 4.835255 5.292250 6.146371 4.567254 3.827358 3.883692 5.781200 4.735137 4.217111 3.696667 4.782419 4.919581 4.849566 3.815707 5.020627 5.073197 4.717892 4.210724 4.333788 4.527910 3.732002
15 1.439104 2.560641 2.281829 2.545701 1.345109 0.662146 2.017940 1.701891 3.061007 2.360707 0.863676 1.856774 2.617846 2.945950 0.000000 0.984725 0.600690 1.445097 0.571838 0.989939 1.497816 1.139987 1.727382 1.891991 1.885291 2.519146 1.728644 1.377072 1.571362 2.292433 2.420173 1.503614 0.792764 0.599382 2.360707 2.089654 1.214105 2.360707 2.869768 1.635912 1.516189 4.239917 2.511547 1.614500 1.077582 2.617846 0.992638 2.356719 0.937054 1.891132 3.462880 3.224634 3.669053 4.498227 3.884530 3.652192 3.215593 4.174883 3.639852 3.797956 5.017513 3.346781 4.587978 3.614099 3.239147 3.365550 3.443277 3.588216 4.901728 3.983007 3.472405 3.531243 4.445596 3.678690 3.493832 3.477749 3.982327 3.886204 3.602867 3.650594 4.174486 4.119171 3.624277 4.173078 3.468766 2.982587 3.522645 4.609234 3.197579 4.099636 3.958187 3.422586 3.841747 4.352829 3.756337 3.163584 3.390538 3.451555 3.900688 3.540699 4.425513 4.354696 4.606423 4.187090 4.453169 5.077501 4.544010 4.755888 4.950241 4.543384 3.829528 4.473177 4.363710 4.725748 4.582062 4.124825 4.059342 4.712779 5.824467 4.999873 4.401649 4.218634 5.328531 4.274165 4.074461 4.263812 4.069595 3.786662 4.554092 4.296830 4.922282 4.586189 4.627512 3.989676 4.401924 5.103106 4.113540 3.907684 3.745576 4.249472 4.489211 4.319147 4.354696 4.434096 4.416462 4.397798 4.698944 4.104687 3.935685 3.835737
16 2.222217 3.392238 3.043198 3.300776 2.053973 1.218094 2.674272 2.478563 3.821220 3.185073 1.680802 2.572221 3.441408 3.685130 0.984725 0.000000 1.218094 2.210519 1.399258 1.572746 2.359861 1.775488 2.313762 2.652920 2.581633 3.359621 2.465232 2.184838 2.407104 3.041604 3.211088 2.342406 1.002264 0.587614 3.185073 2.920353 2.116161 3.185073 3.613662 2.439757 2.255428 5.075308 3.205322 2.264754 1.583661 3.421259 1.590163 3.091872 1.711101 2.696480 3.902800 3.664977 4.122296 5.205215 4.454979 4.244826 3.578847 4.901892 4.212488 4.408327 5.786053 3.873355 5.356527 4.162077 3.858626 3.868556 3.938502 4.277629 5.593370 4.696260 3.831310 4.167036 5.068412 4.284926 4.086915 4.016535 4.553528 4.341189 4.145133 4.389201 4.902577 4.864673 4.296362 4.720938 3.953385 3.299434 3.990048 5.316254 3.754470 4.776032 4.608021 3.945414 4.526735 5.099388 4.387178 3.736161 3.975628 4.043577 4.629653 4.158630 4.602040 4.854885 4.962736 4.626061 4.797334 5.403854 5.108986 5.161880 5.492337 4.603876 4.155277 4.975260 4.737203 5.264682 4.982744 4.397684 4.471770 4.705815 6.236299 5.665848 4.665744 4.678243 5.722737 4.809342 4.318224 4.577154 4.580890 4.225664 4.985859 4.718775 5.355632 4.606816 5.046164 4.529795 4.974798 5.426822 4.270034 4.281439 4.187697 4.591027 4.782006 4.646986 4.854885 4.689103 4.612418 4.757134 5.263989 4.504092 4.108550 4.258260
17 1.030178 2.185578 1.847258 2.109201 0.888373 0.227463 1.516189 1.286727 2.625885 1.990621 0.544302 1.401951 2.241578 2.506455 0.600690 1.218094 0.000000 1.004695 0.504685 0.464653 1.208124 0.599382 1.232800 1.459062 1.432752 2.161130 1.265975 0.998779 1.212347 1.855118 2.013408 1.162591 0.664392 0.754309 1.990621 1.712046 0.969835 1.990621 2.423766 1.246152 1.053066 3.861945 2.039884 1.090829 0.549632 2.210519 0.532847 1.906782 0.557626 1.494987 3.442238 3.081364 3.607324 4.180941 3.724073 3.364933 3.056819 3.785623 3.520014 3.418193 4.663998 3.084708 4.356989 3.397178 2.919621 3.277855 3.130316 3.332149 4.670934 3.686050 3.215593 3.310000 4.238736 3.470309 3.336665 3.359702 3.879000 3.763864 3.359478 3.371797 3.864049 3.814146 3.352306 3.924015 3.120922 2.769043 3.426062 4.405113 2.886414 3.777225 3.643902 3.210414 3.570438 3.982307 3.448070 2.880150 3.099438 3.256500 3.522631 3.247566 4.228821 4.062555 4.518657 3.988855 4.273460 5.051945 4.134589 4.703931 4.786713 4.506883 3.673523 4.271074 4.232565 4.413542 4.277577 3.937747 3.899482 4.780170 5.761678 4.745753 4.292736 3.892793 5.300973 4.059409 3.957874 4.232236 3.842920 3.554646 4.349934 4.258111 4.867392 4.697388 4.418926 3.798607 4.180495 5.078812 3.926968 3.739966 3.495004 4.142665 4.336059 4.199978 4.062555 4.310903 4.276928 4.239922 4.472202 3.931575 3.735520 3.572357
18 0.131473 1.189410 0.858692 1.115490 0.292428 1.017487 0.648528 0.297906 1.632296 0.993911 0.605676 0.464653 1.240951 1.541607 1.445097 2.210519 1.004695 0.000000 1.019593 0.696534 0.481737 0.484467 0.699724 0.558957 0.532738 1.176259 0.313766 0.187618 0.292428 0.864322 1.009511 0.454094 1.419422 1.695881 0.993911 0.725829 0.505396 0.993911 1.441736 0.272151 0.133848 2.870991 1.105371 0.427999 0.761613 1.212773 0.715644 0.930727 0.541696 0.496141 3.375650 2.925710 3.473322 3.443867 3.361815 2.826388 2.961595 2.924431 3.204826 2.748505 3.786274 2.702332 3.643031 3.001480 2.363974 3.101145 2.702291 2.711231 4.052485 2.974742 3.008135 2.829573 3.730850 3.002264 2.976066 3.105462 3.563213 3.560331 2.951876 2.671874 3.111752 3.044953 2.750926 3.458956 2.658472 2.696580 3.259728 3.803134 2.406577 3.082879 2.980382 2.865252 2.939867 3.120871 2.838629 2.408848 2.592293 2.855214 2.699780 2.690399 4.187706 3.605326 4.399999 3.692598 4.088604 4.985885 3.450933 4.548287 4.388947 4.694404 3.575176 3.905342 4.076510 3.881954 3.923380 3.846512 3.679852 5.072489 5.564005 4.113230 4.258164 3.456524 5.160185 3.659459 3.943628 4.205736 3.468086 3.264552 4.050885 4.122492 4.686008 5.007197 4.129070 3.413793 3.687989 5.031978 3.936333 3.558508 3.186726 4.048201 4.235832 4.117598 3.605326 4.264650 4.279933 4.084203 4.010583 3.725744 3.730686 3.254906
19 1.028034 2.100725 1.861422 2.104880 0.989939 0.450519 1.631668 1.267430 2.620100 1.909325 0.464653 1.437529 2.171287 2.547585 0.571838 1.399258 0.504685 1.019593 0.000000 0.735849 1.003084 0.782500 1.471872 1.391533 1.440899 2.041311 1.263597 0.937650 1.127026 1.848347 1.957946 1.009511 0.964906 0.980751 1.909325 1.656874 0.780818 1.909325 2.444842 1.189755 1.119404 3.770152 2.116111 1.166245 0.747502 2.155307 0.740985 1.936639 0.564512 1.450680 3.067693 2.769728 3.246283 3.942844 3.391603 3.101367 2.774662 3.620733 3.158261 3.240816 4.468045 2.827699 4.049427 3.094201 2.692192 2.922475 2.909639 3.033727 4.370291 3.425718 2.997196 3.004794 3.921532 3.146438 2.995202 3.010834 3.511454 3.435781 3.081194 3.099276 3.617502 3.562928 3.075568 3.642900 2.929753 2.538761 3.080809 4.081982 2.651950 3.542227 3.395145 2.910839 3.291842 3.800309 3.200545 2.616905 2.843750 2.935792 3.351236 2.990964 4.026457 3.828456 4.196341 3.697770 4.005303 4.700173 3.989015 4.339069 4.454513 4.259581 3.406010 3.976746 3.933620 4.191231 4.090273 3.708375 3.595175 4.494093 5.407539 4.455426 4.016199 3.698126 4.930220 3.769382 3.685264 3.885789 3.566304 3.295817 4.073449 3.884257 4.503686 4.386865 4.151210 3.480014 3.867259 4.740697 3.731825 3.449906 3.248987 3.842566 4.078382 3.923035 3.828456 4.040112 4.043116 3.971214 4.186233 3.650117 3.544686 3.333629
20 0.708833 1.872505 1.480821 1.734401 0.499389 0.464653 1.107715 0.942722 2.253276 1.658821 0.450519 1.004695 1.905660 2.118380 0.989939 1.572746 0.464653 0.696534 0.735849 0.000000 1.009511 0.266144 0.824232 1.191956 1.028551 1.860707 0.944435 0.716863 0.944435 1.477542 1.666275 1.003084 0.752162 1.054601 1.658821 1.410239 0.864322 1.658821 2.043685 0.934902 0.713822 3.548186 1.636253 0.809572 0.262725 1.887432 0.143244 1.521599 0.359943 1.172128 3.553956 3.131821 3.688889 4.004078 3.718735 3.243782 3.112129 3.528271 3.532253 3.232341 4.416387 3.035307 4.214899 3.347883 2.803383 3.345650 3.032073 3.198685 4.569901 3.519290 3.205931 3.251535 4.170238 3.396220 3.329005 3.397271 3.900095 3.812442 3.305442 3.221771 3.680634 3.625227 3.234400 3.844544 2.993086 2.806688 3.490372 4.313974 2.776431 3.610261 3.473524 3.177151 3.442583 3.735977 3.306381 2.777236 2.991949 3.221421 3.298990 3.130140 4.285687 3.976746 4.600058 3.971966 4.303916 5.158907 3.925105 4.773141 4.761962 4.679459 3.740535 4.249106 4.294688 4.305199 4.229393 3.999054 3.920169 4.990860 5.829165 4.620355 4.393504 3.802019 5.386918 4.027494 4.049918 4.340476 3.813381 3.538717 4.344212 4.336122 4.938507 4.926455 4.417209 3.761494 4.087340 5.206574 4.003689 3.764055 3.467983 4.230784 4.409187 4.299490 3.976746 4.398320 4.378065 4.304246 4.421532 3.965726 3.803389 3.527988
21 0.463450 1.119331 0.992638 1.197701 0.691519 1.186518 0.992983 0.497837 1.684028 0.937650 0.703463 0.729228 1.196531 1.663411 1.497816 2.359861 1.208124 0.481737 1.003084 1.009511 0.000000 0.834348 1.145542 0.584165 0.735849 1.046373 0.554329 0.353849 0.296361 0.967897 1.006826 0.286488 1.647048 1.863012 0.937650 0.727969 0.346364 0.937650 1.541643 0.380880 0.597895 2.781630 1.316850 0.753823 1.034876 1.196531 0.996055 1.087621 0.713822 0.563522 3.061387 2.671848 3.165091 3.208745 3.056946 2.585840 2.746086 2.766921 2.874699 2.595519 3.589450 2.483154 3.325092 2.730839 2.157842 2.794559 2.524262 2.414040 3.755910 2.713166 2.848477 2.539535 3.429148 2.699251 2.661642 2.795952 3.225207 3.278509 2.706222 2.390216 2.862792 2.787319 2.480394 3.205996 2.512603 2.540011 2.965578 3.480994 2.206717 2.855547 2.743647 2.604759 2.664785 2.940784 2.606744 2.176804 2.362919 2.560429 2.532995 2.452337 4.045458 3.404746 4.128432 3.445485 3.870808 4.686870 3.335980 4.231582 4.084041 4.513906 3.365891 3.643937 3.826718 3.686647 3.777140 3.673689 3.424574 4.860214 5.249792 3.831717 4.039089 3.301232 4.835179 3.398433 3.734785 3.921118 3.224891 3.051634 3.815007 3.799653 4.365344 4.772467 3.902358 3.126703 3.399112 4.744108 3.804431 3.323336 2.986283 3.801602 4.030832 3.891813 3.404746 4.052012 4.105182 3.862900 3.747461 3.492122 3.604070 3.063815
22 0.535316 1.659795 1.286727 1.537493 0.374971 0.599382 0.932462 0.752162 2.053973 1.463556 0.448637 0.828514 1.707265 1.941842 1.139987 1.775488 0.599382 0.484467 0.782500 0.266144 0.834348 0.000000 0.755362 0.941795 0.857287 1.646474 0.706995 0.545904 0.754309 1.282951 1.460210 0.783620 1.013413 1.282951 1.463556 1.204827 0.728815 1.463556 1.850755 0.742339 0.509010 3.324761 1.462928 0.548858 0.324479 1.666275 0.354854 1.333454 0.357585 0.971501 3.417395 2.970138 3.537546 3.761828 3.523355 3.029242 2.961637 3.283019 3.352326 2.993417 4.172003 2.830604 3.985059 3.151988 2.572981 3.183437 2.827136 2.980333 4.338948 3.284425 3.031123 3.037542 3.956595 3.197353 3.137444 3.221064 3.718918 3.642088 3.101303 2.987225 3.441222 3.387002 3.007158 3.636467 2.785282 2.659048 3.330019 4.090120 2.564555 3.371481 3.246526 2.987991 3.213401 3.489978 3.078838 2.572155 2.777236 3.023050 3.047191 2.907225 4.140280 3.762204 4.444361 3.790111 4.132909 5.020571 3.687963 4.622910 4.564683 4.581859 3.582202 4.049020 4.127488 4.077456 4.020159 3.837876 3.750099 4.931803 5.663343 4.392056 4.247321 3.587135 5.237468 3.820333 3.913429 4.213008 3.608768 3.349334 4.153288 4.191255 4.778662 4.873715 4.225492 3.568456 3.887386 5.062715 3.866006 3.601489 3.274512 4.074118 4.246896 4.137074 3.762204 4.252302 4.235832 4.129068 4.204215 3.788584 3.662897 3.337996
23 0.687261 1.453127 0.948969 1.191439 0.535393 1.284190 0.532178 0.727969 1.653567 1.252576 1.036347 0.623963 1.433686 1.442345 1.727382 2.313762 1.232800 0.699724 1.471872 0.824232 1.145542 0.755362 0.000000 1.078418 0.731332 1.509644 0.796649 0.814205 0.891329 0.993908 1.230375 1.141840 1.401910 1.780072 1.252576 1.050999 1.127770 1.252576 1.419695 0.813679 0.578656 3.018372 0.971899 0.825487 0.955145 1.433686 0.835251 0.953151 0.924008 0.876682 4.028573 3.534982 4.116423 3.903915 3.979847 3.355042 3.541152 3.264940 3.844329 3.174033 4.131627 3.262117 4.170068 3.583741 2.893004 3.747068 3.205987 3.265782 4.597419 3.473764 3.525965 3.425236 4.308351 3.589688 3.604675 3.745343 4.206125 4.179163 3.519077 3.202894 3.582646 3.516199 3.301447 4.004833 3.122469 3.231250 3.893768 4.372890 2.931717 3.559534 3.465635 3.451235 3.479618 3.478690 3.347883 2.957028 3.130993 3.463428 3.088664 3.225307 4.685407 4.108864 5.010769 4.258443 4.646752 5.614449 3.802869 5.180273 4.982900 5.242090 4.146454 4.479813 4.671383 4.362342 4.398075 4.383547 4.266267 5.634149 6.192180 4.633358 4.836255 3.926073 5.800242 4.233651 4.509959 4.826057 4.034849 3.817662 4.611545 4.763492 5.323883 5.588595 4.684065 4.003384 4.241426 5.663073 4.434605 4.131440 3.728241 4.648190 4.798107 4.707854 4.108864 4.832138 4.821165 4.661472 4.570729 4.304931 4.225624 3.777534
24 0.631553 0.851659 0.704102 0.865871 0.825395 1.441223 0.720300 0.486549 1.326962 0.749942 1.075822 0.586926 0.959024 1.347044 1.891991 2.652920 1.459062 0.558957 1.391533 1.191956 0.584165 0.941795 1.078418 0.000000 0.595133 0.809572 0.297906 0.630375 0.502890 0.668770 0.710721 0.464653 1.931634 2.181034 0.749942 0.551940 0.810186 0.749942 1.186858 0.471220 0.591397 2.450337 0.990078 0.499389 1.170001 0.843982 1.223717 0.777983 1.041146 0.446488 3.108707 2.607391 3.163997 2.899400 2.943527 2.347062 2.667583 2.378239 2.825938 2.215310 3.247157 2.274013 3.132284 2.575919 1.870138 2.780317 2.261130 2.223027 3.538283 2.445700 2.649897 2.371440 3.252848 2.562061 2.574916 2.746410 3.176377 3.201718 2.511914 2.152257 2.573047 2.509552 2.249265 2.991085 2.208575 2.422703 2.934543 3.306435 1.953927 2.545352 2.462330 2.463684 2.429161 2.574757 2.328532 1.969392 2.124291 2.434229 2.143780 2.199111 3.873931 3.126205 4.060030 3.287944 3.713597 4.674087 2.917198 4.210272 3.942409 4.486764 3.249381 3.462322 3.717445 3.371385 3.469321 3.510843 3.309108 4.933879 5.185841 3.594226 3.947749 2.984326 4.820468 3.205366 3.654782 3.927909 3.023896 2.860524 3.628133 3.805772 4.330546 4.886872 3.705909 2.986557 3.226539 4.718852 3.650495 3.207188 2.774873 3.717928 3.889871 3.782803 3.126205 3.949834 3.980765 3.715119 3.528538 3.348131 3.443452 2.842694
25 0.516261 0.975849 0.587609 0.769670 0.594776 1.396173 0.396049 0.332364 1.286247 0.752085 1.030633 0.170597 0.977182 1.203346 1.885291 2.581633 1.432752 0.532738 1.440899 1.028551 0.735849 0.857287 0.731332 0.595133 0.000000 0.971899 0.396195 0.583261 0.561916 0.507912 0.714863 0.805866 1.711067 2.056033 0.752085 0.656786 0.943060 0.752085 1.099126 0.428806 0.495956 2.597125 0.752004 0.646482 1.028607 0.977182 1.008958 0.594776 0.949056 0.439450 3.513459 3.013282 3.576040 3.273560 3.383676 2.719266 3.046315 2.666359 3.247216 2.577066 3.533848 2.695377 3.515293 2.973915 2.303118 3.208135 2.627462 2.600644 3.961767 2.823214 3.022452 2.815399 3.670454 2.944935 3.008539 3.181783 3.606796 3.626787 2.925751 2.559360 2.939660 2.868467 2.667205 3.381890 2.548033 2.772730 3.352375 3.727622 2.335166 2.928191 2.809984 2.860837 2.837212 2.877153 2.713960 2.342033 2.515955 2.858392 2.502168 2.602602 4.235165 3.521180 4.476295 3.673418 4.114885 5.074482 3.229111 4.604364 4.356705 4.849631 3.656349 3.887917 4.142492 3.772867 3.882421 3.915815 3.703463 5.250576 5.610821 3.981678 4.356721 3.373137 5.227411 3.641775 4.032745 4.304844 3.456856 3.267000 4.043895 4.197588 4.748912 5.207156 4.126404 3.385791 3.581094 5.150829 4.012023 3.585570 3.180481 4.142193 4.309868 4.229728 3.521180 4.345519 4.378006 4.159458 3.967834 3.771160 3.802847 3.220179
26 1.168888 0.166182 0.612721 0.540081 1.393068 2.155137 1.059190 0.927357 0.771376 0.297906 1.691733 0.956809 0.298239 0.904173 2.519146 3.359621 2.161130 1.176259 2.041311 1.860707 1.046373 1.646474 1.509644 0.809572 0.971899 0.000000 0.962236 1.183488 0.963545 0.588493 0.335073 1.078906 2.560952 2.844432 0.297906 0.515683 1.317129 0.297906 0.746755 0.935239 1.176891 1.742771 0.878540 1.270923 1.881477 0.298239 1.855185 0.679728 1.661080 0.703463 3.418114 2.955086 3.434577 2.635333 3.057628 2.396798 3.075485 1.995790 2.968820 2.177233 2.761947 2.509261 2.804293 2.725194 1.991751 3.053004 2.483803 2.132808 3.343939 2.231132 3.023196 2.438193 3.203526 2.612810 2.716620 2.963577 3.281985 3.445333 2.676275 1.962085 2.293460 2.197057 2.204699 3.049471 2.423973 2.903852 3.213305 3.119575 2.154323 2.379042 2.342550 2.678783 2.321102 2.159771 2.299555 2.152650 2.247318 2.572272 1.840453 2.246366 4.285723 3.221529 4.323618 3.483343 3.990199 4.924328 2.821714 4.403226 3.963703 4.972497 3.616523 3.575176 3.989394 3.375891 3.671664 3.891206 3.556239 5.427236 5.316570 3.399198 4.309626 3.140800 4.992832 3.302973 4.049781 4.243296 3.172485 3.118170 3.808630 4.024682 4.496052 5.368906 3.896124 3.094813 3.208774 4.987377 4.108272 3.503515 3.033888 4.032745 4.223327 4.115539 3.221529 4.309631 4.393703 4.007073 3.543086 3.618652 3.906807 3.094431
27 0.387691 0.976481 0.666759 0.888373 0.544302 1.255716 0.514904 0.269025 1.396173 0.809572 0.888373 0.357585 1.041146 1.346316 1.728644 2.465232 1.265975 0.313766 1.263597 0.944435 0.554329 0.706995 0.796649 0.297906 0.396195 0.962236 0.000000 0.429707 0.375236 0.644566 0.780893 0.487996 1.685629 1.968793 0.809572 0.578852 0.720300 0.809572 1.218007 0.295052 0.316126 2.625387 0.917046 0.350268 0.948969 0.972473 0.969835 0.728815 0.828514 0.368270 3.304990 2.811200 3.375650 3.179462 3.198893 2.601298 2.851561 2.631772 3.067184 2.474205 3.504984 2.514649 3.415240 2.819800 2.135604 2.998110 2.489246 2.491341 3.825706 2.724606 2.846508 2.639488 3.525839 2.813899 2.823784 2.979765 3.424090 3.429156 2.760054 2.436404 2.851993 2.787491 2.525931 3.246897 2.429550 2.583946 3.150241 3.591065 2.192364 2.822603 2.726820 2.696681 2.708417 2.834790 2.595851 2.206444 2.375746 2.685202 2.415118 2.463386 4.051907 3.378446 4.278539 3.518765 3.932528 4.884796 3.161132 4.431301 4.203865 4.635851 3.450196 3.717193 3.940494 3.635918 3.707112 3.709269 3.530791 5.056772 5.427097 3.874100 4.146090 3.225329 5.046434 3.466182 3.837683 4.119279 3.277357 3.089115 3.869709 4.019453 4.563086 5.007942 3.947104 3.234455 3.479362 4.934357 3.816961 3.415536 3.004019 3.930252 4.100355 3.997903 3.378446 4.146095 4.165952 3.940885 3.800771 3.574355 3.608818 3.065151
28 0.133848 1.214105 0.928387 1.176986 0.339864 0.998779 0.776277 0.335073 1.694274 1.003084 0.522414 0.540081 1.262580 1.611497 1.377072 2.184838 0.998779 0.187618 0.937650 0.716863 0.353849 0.545904 0.814205 0.630375 0.583261 1.183488 0.429707 0.000000 0.238288 0.923147 1.046373 0.425928 1.394629 1.661080 1.003084 0.754822 0.380880 1.003084 1.513686 0.261207 0.298239 2.908683 1.197701 0.581827 0.785804 1.262580 0.706995 1.006826 0.478405 0.525499 3.322523 2.903035 3.429156 3.457676 3.336735 2.827136 2.947859 2.960630 3.162974 2.789033 3.808754 2.708624 3.621663 2.986184 2.383312 3.060839 2.721234 2.692175 4.043413 2.975290 3.024538 2.815245 3.713566 2.975376 2.944247 3.069999 3.520354 3.534474 2.949382 2.665353 3.118027 3.046757 2.747126 3.456216 2.688668 2.700259 3.223761 3.781315 2.418900 3.098296 2.986224 2.850360 2.935210 3.150161 2.847949 2.406577 2.596848 2.832419 2.738082 2.695988 4.205088 3.625170 4.374832 3.683075 4.088162 4.944302 3.505191 4.503085 4.366031 4.681087 3.571330 3.899496 4.063380 3.909406 3.963490 3.858537 3.663170 5.031497 5.528617 4.107506 4.248757 3.492460 5.113139 3.656046 3.932144 4.162673 3.469653 3.269719 4.051392 4.071653 4.644101 4.954732 4.133751 3.392989 3.667625 4.997999 3.953720 3.545398 3.197626 4.032141 4.238160 4.112589 3.625170 4.257186 4.285518 4.085554 4.010974 3.721185 3.750057 3.267104
29 0.261207 0.994431 0.764503 1.006826 0.522414 1.222969 0.738799 0.248918 1.509407 0.796605 0.737486 0.497837 1.053066 1.446499 1.571362 2.407104 1.212347 0.292428 1.127026 0.944435 0.296361 0.754309 0.891329 0.502890 0.561916 0.963545 0.375236 0.238288 0.000000 0.770821 0.854264 0.362079 1.626142 1.886575 0.796605 0.534650 0.434645 0.796605 1.341498 0.133848 0.364407 2.686847 1.075662 0.633854 1.010654 1.053066 0.940412 0.861817 0.706995 0.335073 3.313852 2.890870 3.406964 3.299826 3.262117 2.737488 2.956252 2.785765 3.101468 2.670945 3.617502 2.651900 3.455818 2.922065 2.286965 3.030626 2.668416 2.572155 3.899713 2.827261 3.016082 2.719266 3.605038 2.892566 2.874699 3.022211 3.451584 3.498596 2.882203 2.515231 2.957969 2.881623 2.627154 3.373171 2.635198 2.726739 3.198124 3.641091 2.353835 2.957526 2.863218 2.801134 2.805364 2.968429 2.735956 2.342550 2.516437 2.760054 2.565140 2.596848 4.220947 3.546084 4.352589 3.639289 4.063554 4.929226 3.386181 4.472407 4.280907 4.730111 3.566892 3.827774 4.036219 3.807315 3.905022 3.856108 3.633018 5.101993 5.477936 3.970204 4.249595 3.424075 5.078150 3.575834 3.946642 4.165858 3.399858 3.229901 3.998257 4.046945 4.601336 5.024374 4.081688 3.324503 3.579045 4.979839 3.980798 3.529440 3.155875 4.017312 4.225585 4.095683 3.546084 4.259542 4.298824 4.056150 3.911535 3.688878 3.776883 3.229257
